Player,Season,Pos,Age,Tm,G,GS,MP,FG,FGA,FG%,3P,3PA,3P%,2P,2PA,2P%,eFG%,FT,FTA,FT%,ORB,DRB,TRB,AST,STL,BLK,TOV,PF,PTS
Steven Adams,2019-20,C,26,OKC,19,19,27.0,4.6,7.6,.607,0.0,0.1,.000,4.6,7.6,.611,.607,1.5,2.9,.527,3.1,6.1,9.1,2.8,0.5,1.1,1.4,1.9,10.8
Bam Adebayo,2019-20,C,22,MIA,23,23,33.1,5.4,9.3,.579,0.0,0.3,.143,5.3,9.0,.594,.582,3.8,5.7,.659,2.5,8.0,10.5,4.1,1.4,1.2,3.0,2.6,14.6
LaMarcus Aldridge,2019-20,C,34,SAS,21,21,32.9,7.7,15.0,.513,0.6,1.6,.364,7.1,13.4,.530,.532,3.0,3.5,.838,2.1,4.9,7.0,2.4,0.6,1.8,1.6,2.2,18.9
Nickeil Alexander-Walker,2019-20,SG,21,NOP,19,0,14.4,2.4,7.3,.324,1.2,3.8,.315,1.2,3.5,.333,.406,0.6,0.8,.688,0.2,2.2,2.4,2.1,0.4,0.1,1.2,1.4,6.5
Grayson Allen,2019-20,SG,24,MEM,12,0,19.5,2.7,7.0,.381,1.0,3.3,.308,1.7,3.8,.444,.452,1.3,1.4,.882,0.2,2.8,3.0,1.6,0.4,0.0,1.1,1.8,7.6
Jarrett Allen,2019-20,C,21,BRK,23,20,26.5,4.9,7.3,.663,0.0,0.0,.000,4.9,7.3,.667,.663,2.6,4.3,.600,3.7,6.9,10.6,1.2,0.8,1.3,1.2,2.5,12.3
Kadeem Allen,2019-20,SG,27,NYK,1,0,16.0,3.0,6.0,.500,3.0,4.0,.750,0.0,2.0,.000,.750,0.0,0.0,,0.0,0.0,0.0,2.0,1.0,0.0,1.0,1.0,9.0
Al-Farouq Aminu,2019-20,PF,29,ORL,18,2,21.1,1.4,4.8,.291,0.5,2.0,.250,0.9,2.8,.320,.343,1.1,1.6,.655,1.3,3.5,4.8,1.2,1.0,0.4,0.9,1.5,4.3
Kyle Anderson,2019-20,PF,26,MEM,17,0,20.5,2.8,5.5,.505,0.2,0.9,.250,2.5,4.5,.558,.527,0.9,1.6,.571,0.9,3.5,4.4,2.6,0.7,0.7,0.9,1.7,6.7
Ryan Anderson,2019-20,PF,31,HOU,2,0,7.0,1.0,3.5,.286,0.5,2.5,.200,0.5,1.0,.500,.357,0.0,0.0,,0.0,3.5,3.5,1.0,0.5,0.0,0.5,0.5,2.5
Giannis Antetokounmpo,2019-20,PF,25,MIL,23,23,31.4,11.4,20.3,.564,1.6,5.0,.316,9.9,15.3,.645,.603,6.4,10.8,.593,2.7,10.5,13.1,5.4,1.3,1.3,3.9,3.2,30.8
Kostas Antetokounmpo,2019-20,PF,22,LAL,2,0,1.5,0.0,0.0,,0.0,0.0,,0.0,0.0,,,0.0,0.0,,0.0,0.5,0.5,0.0,0.0,0.0,0.0,0.0,0.0
Thanasis Antetokounmpo,2019-20,SF,27,MIL,4,0,6.3,1.5,2.5,.600,0.0,0.0,,1.5,2.5,.600,.600,0.5,1.0,.500,0.8,0.0,0.8,1.0,0.0,0.0,0.5,0.8,3.5
Carmelo Anthony,2019-20,PF,35,POR,10,10,31.8,6.0,14.7,.408,1.4,3.9,.359,4.6,10.8,.426,.456,2.5,2.9,.862,1.0,4.8,5.8,1.5,1.1,0.2,2.1,3.3,15.9
OG Anunoby,2019-20,SF,22,TOR,21,21,29.6,4.5,8.5,.525,1.6,3.8,.430,2.9,4.8,.600,.620,0.7,1.2,.538,1.0,4.6,5.6,1.8,1.3,0.9,1.1,2.4,11.2
Ryan Arcidiacono,2019-20,PG,25,CHI,24,0,16.3,1.3,3.5,.376,0.9,2.3,.407,0.4,1.3,.323,.506,0.6,0.8,.750,0.5,1.1,1.7,1.7,0.5,0.1,0.7,2.0,4.2
Trevor Ariza,2019-20,SF,34,SAC,15,0,21.9,1.7,4.7,.357,1.3,3.6,.352,0.4,1.1,.375,.493,0.6,0.8,.750,0.4,3.3,3.7,0.8,0.9,0.1,0.8,1.5,5.2
D.J. Augustin,2019-20,PG,32,ORL,22,5,25.7,3.1,8.3,.377,1.0,3.4,.311,2.1,5.0,.422,.440,2.3,2.6,.877,0.5,2.0,2.5,4.7,0.7,0.0,1.5,1.1,9.6
Deandre Ayton,2019-20,C,21,PHO,1,1,33.0,9.0,14.0,.643,0.0,0.0,,9.0,14.0,.643,.643,0.0,0.0,,3.0,8.0,11.0,0.0,1.0,4.0,0.0,2.0,18.0
Dwayne Bacon,2019-20,SG,24,CHO,19,10,19.7,2.6,8.1,.320,0.5,2.2,.238,2.1,5.8,.351,.353,1.1,1.5,.690,0.4,2.2,2.6,1.3,0.8,0.1,1.0,1.7,6.7
Marvin Bagley,2019-20,PF,20,SAC,1,1,28.0,6.0,16.0,.375,0.0,0.0,,6.0,16.0,.375,.375,2.0,4.0,.500,4.0,6.0,10.0,0.0,1.0,1.0,1.0,1.0,14.0
Lonzo Ball,2019-20,PG,22,NOP,15,12,28.7,4.0,10.7,.375,2.3,6.7,.340,1.7,4.0,.433,.481,0.7,0.9,.714,0.8,3.5,4.3,5.7,1.1,0.4,2.7,2.0,10.9
Mo Bamba,2019-20,C,21,ORL,20,0,15.6,2.2,5.3,.419,0.8,2.0,.385,1.5,3.3,.439,.490,0.3,0.5,.500,1.4,4.0,5.4,0.5,0.3,1.4,1.3,2.2,5.4
J.J. Barea,2019-20,PG,35,DAL,6,0,14.0,3.3,7.5,.444,1.7,2.8,.588,1.7,4.7,.357,.556,0.3,0.3,1.000,0.3,1.3,1.7,2.8,0.3,0.2,0.8,0.3,8.7
Harrison Barnes,2019-20,PF,27,SAC,22,22,35.5,5.6,11.9,.475,1.3,3.6,.363,4.3,8.2,.525,.531,3.7,4.7,.796,1.1,4.1,5.2,2.3,0.9,0.2,1.5,1.3,16.3
RJ Barrett,2019-20,SG,19,NYK,22,22,32.1,5.3,13.5,.395,1.0,3.2,.310,4.3,10.2,.422,.432,2.7,5.0,.532,1.2,4.1,5.3,3.3,1.4,0.5,2.5,2.5,14.3
Will Barton,2019-20,SF,29,DEN,19,19,32.2,5.3,11.8,.449,1.9,4.6,.414,3.4,7.3,.471,.529,1.6,2.3,.721,1.6,4.9,6.5,3.3,1.0,0.4,1.3,2.2,14.2
Keita Bates-Diop,2019-20,SF,24,MIN,11,0,18.8,3.1,5.7,.540,1.5,3.2,.486,1.5,2.5,.607,.675,0.5,0.9,.600,0.5,2.2,2.6,0.6,0.4,0.5,0.5,1.0,8.3
Nicolas Batum,2019-20,SF,31,CHO,13,0,22.5,1.2,3.4,.364,0.7,2.5,.273,0.5,0.8,.636,.466,0.4,0.4,1.000,1.2,3.2,4.4,3.2,0.8,0.5,1.5,1.7,3.5
Aron Baynes,2019-20,C,33,PHO,13,12,24.0,5.5,9.7,.563,1.9,4.4,.439,3.5,5.3,.667,.663,1.8,2.6,.706,1.5,4.2,5.7,2.9,0.3,0.7,1.1,3.9,14.7
Kent Bazemore,2019-20,SF,30,POR,24,3,23.0,2.6,7.5,.344,1.3,3.6,.356,1.3,3.9,.333,.431,1.4,1.8,.791,0.4,3.9,4.3,1.7,0.9,0.8,1.4,3.0,7.9
Darius Bazley,2019-20,PF,19,OKC,22,0,16.7,1.5,3.8,.398,0.7,1.9,.357,0.8,1.9,.439,.488,0.4,0.7,.563,0.4,3.3,3.6,0.5,0.4,0.4,0.7,0.9,4.1
Bradley Beal,2019-20,SG,26,WAS,22,22,37.0,9.6,21.3,.453,2.6,7.7,.343,7.0,13.6,.515,.515,6.0,7.2,.836,1.0,3.5,4.5,7.0,1.0,0.2,3.5,2.7,28.0
Malik Beasley,2019-20,SG,23,DEN,17,0,15.9,2.4,6.4,.380,1.2,3.0,.412,1.2,3.4,.351,.477,0.4,0.4,.857,0.3,1.2,1.5,1.1,0.5,0.1,0.9,1.1,6.4
Marco Belinelli,2019-20,SG,33,SAS,21,0,16.2,1.9,5.9,.315,1.0,3.0,.333,0.9,2.9,.295,.399,0.7,1.0,.714,0.0,1.6,1.7,1.5,0.2,0.0,0.4,0.8,5.4
Jordan Bell,2019-20,C,25,MIN,12,0,10.0,1.4,2.6,.548,0.0,0.4,.000,1.4,2.2,.654,.548,0.9,1.6,.579,1.1,2.6,3.7,0.7,0.0,0.4,1.2,0.8,3.8
DeAndre' Bembry,2019-20,SG,25,ATL,23,4,25.6,3.1,6.3,.490,0.4,1.6,.250,2.7,4.7,.569,.521,0.8,1.6,.486,1.1,3.5,4.6,2.7,1.4,0.5,1.5,2.2,7.3
Dragan Bender,2019-20,SF,22,MIL,3,0,9.7,2.0,2.7,.750,0.7,1.3,.500,1.3,1.3,1.000,.875,0.3,0.3,1.000,0.0,0.7,0.7,1.0,0.0,0.7,0.3,2.0,5.0
Dāvis Bertāns,2019-20,PF,27,WAS,22,1,28.9,5.0,10.7,.464,3.8,8.5,.452,1.1,2.2,.510,.643,1.2,1.4,.867,0.9,3.6,4.5,1.6,0.6,0.6,0.6,2.5,14.9
Patrick Beverley,2019-20,PG,31,LAC,22,22,29.5,2.7,7.1,.382,1.4,4.4,.313,1.4,2.8,.492,.478,0.6,1.0,.609,1.4,4.7,6.1,3.2,1.4,0.5,1.4,3.8,7.5
Khem Birch,2019-20,C,27,ORL,13,8,22.4,1.7,3.4,.500,0.0,0.1,.000,1.7,3.3,.512,.500,1.0,2.0,.500,2.2,3.5,5.8,1.1,0.5,0.7,0.7,2.7,4.4
Goga Bitadze,2019-20,C,20,IND,17,2,12.7,1.5,3.4,.456,0.2,0.8,.286,1.3,2.5,.512,.491,0.8,1.1,.737,0.9,2.1,3.1,0.8,0.1,1.1,0.6,1.9,4.1
Bismack Biyombo,2019-20,C,27,CHO,23,8,16.6,2.9,5.1,.568,0.0,0.0,,2.9,5.1,.568,.568,1.7,3.0,.565,1.6,2.7,4.3,0.8,0.3,0.7,0.7,1.9,7.5
Nemanja Bjelica,2019-20,PF,31,SAC,22,21,26.3,4.5,9.3,.483,1.8,4.3,.426,2.7,5.0,.532,.580,0.6,0.7,.933,2.0,4.9,6.9,2.6,1.0,0.6,1.7,3.0,11.5
Eric Bledsoe,2019-20,PG,30,MIL,23,23,26.9,5.7,12.2,.468,1.2,3.7,.321,4.5,8.5,.531,.516,2.4,3.0,.786,0.9,4.0,4.9,5.6,0.8,0.4,2.2,2.4,15.0
Bogdan Bogdanović,2019-20,SG,27,SAC,20,0,27.2,5.0,12.5,.400,2.6,7.0,.371,2.4,5.5,.436,.504,1.7,2.3,.733,0.3,2.6,2.8,4.4,1.3,0.1,1.9,1.8,14.3
Bojan Bogdanović,2019-20,SF,30,UTA,22,22,33.1,7.1,15.2,.467,3.1,6.9,.454,4.0,8.3,.478,.570,3.6,4.0,.888,0.7,3.7,4.4,2.1,0.7,0.2,2.8,2.0,20.9
Jonah Bolden,2019-20,PF,24,PHI,2,0,2.5,0.5,0.5,1.000,0.0,0.0,,0.5,0.5,1.000,1.000,0.0,1.0,.000,0.0,0.0,0.0,0.0,0.5,0.0,0.5,0.0,1.0
Jordan Bone,2019-20,PG,22,DET,3,0,2.0,0.7,1.7,.400,0.0,0.3,.000,0.7,1.3,.500,.400,0.0,0.0,,0.0,0.0,0.0,0.0,0.0,0.0,0.7,0.7,1.3
Isaac Bonga,2019-20,SF,20,WAS,17,11,15.5,1.5,2.9,.510,0.2,0.8,.308,1.2,2.1,.583,.551,0.6,0.8,.769,0.6,1.9,2.5,1.4,0.6,0.2,0.5,2.1,3.8
Devin Booker,2019-20,SG,23,PHO,22,22,35.7,8.9,17.4,.512,2.3,5.6,.415,6.6,11.8,.558,.578,5.3,5.8,.914,0.6,3.3,3.9,6.2,0.6,0.3,4.0,3.2,25.5
Chris Boucher,2019-20,PF,27,TOR,19,0,11.9,1.9,4.3,.451,0.5,1.5,.310,1.5,2.8,.528,.506,1.1,1.5,.690,2.0,2.2,4.2,0.5,0.4,0.8,0.4,1.4,5.4
Brian Bowen,2019-20,SG,21,IND,3,0,3.3,0.3,1.3,.250,0.0,0.3,.000,0.3,1.0,.333,.250,0.0,0.0,,0.0,0.3,0.3,0.0,0.0,0.3,0.0,0.0,0.7
Ky Bowman,2019-20,PG,22,GSW,24,6,23.5,3.5,7.7,.454,1.0,2.5,.410,2.5,5.2,.476,.522,0.8,0.8,.950,0.5,2.2,2.7,2.9,1.0,0.1,1.3,2.1,8.8
Avery Bradley,2019-20,SG,29,LAL,10,10,27.4,4.1,8.4,.488,0.8,2.8,.286,3.3,5.6,.589,.536,0.6,0.8,.750,0.7,2.5,3.2,1.8,1.0,0.1,1.1,2.6,9.6
Tony Bradley,2019-20,C,22,UTA,17,2,9.5,1.8,2.9,.600,0.0,0.0,,1.8,2.9,.600,.600,0.6,0.9,.688,1.4,2.1,3.5,0.2,0.1,0.5,0.5,1.6,4.2
Jarrell Brantley,2019-20,PF,23,UTA,2,0,4.5,0.0,0.0,,0.0,0.0,,0.0,0.0,,,0.0,0.0,,0.0,2.0,2.0,0.5,0.0,1.0,0.5,0.5,0.0
Ignas Brazdeikis,2019-20,SF,21,NYK,6,0,7.0,0.8,3.2,.263,0.2,1.2,.143,0.7,2.0,.333,.289,0.5,0.7,.750,0.3,0.3,0.7,0.2,0.0,0.2,0.3,0.3,2.3
Mikal Bridges,2019-20,SF,23,PHO,22,0,20.6,2.6,5.2,.504,0.5,1.7,.297,2.1,3.5,.603,.552,1.4,1.8,.775,0.8,2.7,3.5,1.0,1.3,0.3,0.8,1.8,7.2
Miles Bridges,2019-20,SF,21,CHO,25,25,30.6,5.0,11.0,.451,1.6,4.3,.383,3.3,6.7,.494,.525,1.2,1.5,.789,1.4,4.0,5.4,1.8,0.5,0.7,1.6,2.0,12.8
Oshae Brissett,2019-20,SF,21,TOR,4,0,4.3,0.3,0.8,.333,0.3,0.3,1.000,0.0,0.5,.000,.500,0.0,0.0,,0.0,0.3,0.3,0.3,0.3,0.0,0.3,0.0,0.8
Ryan Broekhoff,2019-20,SG,29,DAL,4,0,6.3,1.0,2.0,.500,1.0,1.3,.800,0.0,0.8,.000,.750,0.0,0.0,,0.0,1.3,1.3,0.8,0.3,0.0,0.3,0.3,3.0
Malcolm Brogdon,2019-20,PG,27,IND,19,19,31.8,6.9,14.7,.473,1.5,4.3,.346,5.5,10.4,.525,.523,3.6,3.9,.932,0.6,4.3,4.9,7.7,0.9,0.2,2.9,2.1,19.0
Dillon Brooks,2019-20,SG,24,MEM,22,22,27.3,4.8,12.2,.392,1.6,4.5,.360,3.1,7.6,.411,.459,1.9,2.4,.792,1.1,2.4,3.5,2.0,1.0,0.4,1.2,3.8,13.1
Bruce Brown,2019-20,SG,23,DET,23,19,26.3,3.0,6.9,.428,0.6,1.6,.351,2.4,5.3,.451,.469,0.9,1.6,.541,0.8,3.4,4.2,3.7,0.9,0.5,1.8,2.7,7.3
Charlie Brown,2019-20,SG,22,ATL,4,0,4.0,0.3,0.8,.333,0.3,0.3,1.000,0.0,0.5,.000,.500,1.0,1.0,1.000,0.5,0.3,0.8,0.0,0.0,0.3,0.0,0.0,1.8
Jaylen Brown,2019-20,SF,23,BOS,18,18,33.4,7.5,15.1,.496,2.1,5.3,.385,5.4,9.8,.557,.564,2.9,4.1,.726,1.1,5.8,6.9,1.9,1.2,0.3,1.6,3.1,20.0
Moses Brown,2019-20,C,20,POR,4,0,3.8,0.8,1.8,.429,0.0,0.0,,0.8,1.8,.429,.429,0.5,1.0,.500,0.5,1.8,2.3,0.0,0.3,0.0,0.3,1.0,2.0
Sterling Brown,2019-20,SF,24,MIL,16,0,16.5,2.0,4.8,.421,1.0,2.6,.390,1.0,2.2,.457,.526,0.6,0.9,.667,0.7,4.1,4.8,1.4,0.6,0.1,1.0,1.4,5.6
Troy Brown,2019-20,SG,20,WAS,19,11,21.8,3.2,6.8,.465,0.5,1.8,.257,2.7,4.9,.543,.500,0.8,1.1,.714,1.4,3.6,5.1,2.1,1.3,0.2,0.9,1.5,7.6
Jalen Brunson,2019-20,PG,23,DAL,23,3,15.7,3.0,6.0,.496,0.6,1.9,.326,2.3,4.1,.574,.547,1.0,1.3,.710,0.6,1.8,2.3,2.6,0.5,0.0,0.9,1.1,7.5
Thomas Bryant,2019-20,C,22,WAS,18,18,28.4,5.6,10.2,.549,0.6,1.9,.286,5.1,8.3,.611,.576,2.2,2.9,.736,2.3,6.2,8.5,2.7,0.4,1.0,1.3,2.4,13.9
Trey Burke,2019-20,PG,27,PHI,9,0,16.9,2.8,6.4,.431,0.7,1.8,.375,2.1,4.7,.452,.483,0.9,1.2,.727,0.7,0.8,1.4,3.4,0.8,0.1,0.4,0.8,7.1
Alec Burks,2019-20,SG,28,GSW,21,10,29.2,5.0,12.0,.419,1.4,4.1,.349,3.6,8.0,.455,.478,3.4,3.9,.878,0.6,3.8,4.4,2.8,1.0,0.3,1.4,2.1,15.0
Deonte Burton,2019-20,SG,26,OKC,12,0,8.4,1.1,2.8,.394,0.4,1.4,.294,0.7,1.3,.500,.470,0.3,0.3,.750,0.3,1.5,1.8,0.3,0.1,0.1,0.3,0.9,2.8
Jimmy Butler,2019-20,SF,30,MIA,19,19,34.7,5.8,13.5,.432,1.1,3.5,.303,4.8,10.1,.476,.471,7.9,9.4,.843,2.1,4.2,6.3,6.8,2.2,0.8,2.6,1.4,20.6
Bruno Caboclo,2019-20,SF,24,MEM,14,0,10.9,1.7,4.1,.421,0.3,1.4,.200,1.4,2.6,.541,.456,0.1,0.2,.667,1.0,1.4,2.4,0.6,0.5,0.8,0.5,1.2,3.9
Kentavious Caldwell-Pope,2019-20,SG,26,LAL,24,14,24.0,3.0,6.7,.450,1.1,3.0,.380,1.9,3.7,.506,.534,0.8,1.0,.833,0.5,1.7,2.1,1.8,0.8,0.2,0.8,1.7,8.0
Vlatko Čančar,2019-20,SF,22,DEN,1,0,2.0,0.0,0.0,,0.0,0.0,,0.0,0.0,,,0.0,0.0,,0.0,0.0,0.0,0.0,0.0,0.0,0.0,0.0,0.0
Clint Capela,2019-20,C,25,HOU,18,18,32.4,6.5,10.2,.639,0.0,0.0,,6.5,10.2,.639,.639,1.4,3.0,.463,4.2,10.4,14.7,1.1,0.9,1.9,1.8,3.0,14.4
DeMarre Carroll,2019-20,SF,33,SAS,11,0,10.9,0.6,2.3,.280,0.3,1.1,.250,0.4,1.2,.308,.340,0.9,1.3,.714,0.6,2.0,2.6,0.9,0.2,0.2,0.8,1.5,2.5
Jevon Carter,2019-20,PG,24,PHO,15,2,14.9,1.5,3.7,.400,0.9,2.3,.412,0.5,1.4,.381,.527,0.3,0.3,1.000,0.2,1.6,1.8,1.9,0.9,0.3,1.0,1.6,4.1
Vince Carter,2019-20,SF,43,ATL,18,0,15.3,2.1,5.7,.373,1.0,3.7,.269,1.1,1.9,.571,.461,0.3,0.4,.750,0.2,1.7,1.9,0.8,0.3,0.3,0.6,1.7,5.6
Wendell Carter,2019-20,C,20,CHI,24,24,30.2,4.7,8.3,.566,0.1,0.6,.133,4.6,7.6,.601,.571,2.7,3.9,.699,3.5,6.4,10.0,0.9,0.8,0.8,1.5,4.0,12.1
Michael Carter-Williams,2019-20,SG,28,ORL,12,0,15.1,1.4,4.5,.315,0.3,1.6,.158,1.2,2.9,.400,.343,1.6,1.9,.826,1.2,2.2,3.3,1.8,0.8,0.5,1.0,1.6,4.7
Alex Caruso,2019-20,PG,25,LAL,22,0,20.6,2.2,4.9,.449,0.7,2.1,.348,1.5,2.8,.525,.523,0.6,0.9,.650,0.1,1.9,2.0,2.0,1.1,0.3,1.0,1.6,5.7
Willie Cauley-Stein,2019-20,C,26,GSW,21,20,22.3,3.4,6.2,.550,0.0,0.0,,3.4,6.2,.550,.550,0.8,1.2,.640,1.5,5.0,6.5,1.6,1.0,1.2,1.0,2.9,7.6
Tyson Chandler,2019-20,C,37,HOU,18,4,9.1,0.7,0.9,.765,0.0,0.0,,0.7,0.9,.765,.765,0.3,0.5,.556,1.1,1.7,2.7,0.3,0.3,0.4,0.3,1.3,1.7
Zylan Cheatham,2019-20,SF,24,NOP,2,0,10.0,0.5,2.0,.250,0.0,0.5,.000,0.5,1.5,.333,.250,0.0,0.0,,0.0,1.5,1.5,0.5,0.0,0.0,0.5,1.5,1.0
Chris Chiozza,2019-20,PG,24,WAS,8,0,11.4,0.6,2.9,.217,0.4,0.8,.500,0.3,2.1,.118,.283,0.0,0.0,,0.0,1.1,1.1,3.0,0.9,0.3,0.9,1.0,1.6
Marquese Chriss,2019-20,PF,22,GSW,23,1,17.9,2.6,5.3,.480,0.2,0.8,.222,2.4,4.6,.524,.496,1.9,2.2,.860,1.3,3.3,4.7,2.0,0.7,1.0,1.5,2.0,7.2
Gary Clark,2019-20,PF,25,HOU,7,0,10.3,1.1,3.1,.364,0.7,2.6,.278,0.4,0.6,.750,.477,0.0,0.0,,0.9,1.6,2.4,0.7,0.1,0.1,0.1,1.1,3.0
Brandon Clarke,2019-20,PF,23,MEM,18,2,21.2,5.1,8.1,.630,0.6,1.2,.455,4.6,6.9,.661,.664,1.1,1.3,.826,1.3,4.6,5.9,1.3,0.5,0.9,1.1,1.7,11.8
Jordan Clarkson,2019-20,SG,27,CLE,22,0,22.0,4.4,10.7,.411,1.7,5.0,.345,2.7,5.7,.468,.492,3.0,3.3,.890,0.6,1.5,2.2,2.4,0.5,0.3,1.3,1.1,13.5
Nicolas Claxton,2019-20,PF,20,BRK,9,0,13.2,1.2,2.3,.524,0.0,0.6,.000,1.2,1.8,.688,.524,0.6,1.3,.417,0.9,1.6,2.4,1.2,0.1,0.6,0.7,1.1,3.0
Chris Clemons,2019-20,SG,22,HOU,15,0,8.7,1.6,3.9,.414,1.2,3.1,.391,0.4,0.8,.500,.569,0.2,0.3,.750,0.1,0.5,0.7,0.4,0.2,0.1,0.4,0.9,4.6
John Collins,2019-20,PF,22,ATL,5,5,32.2,6.4,12.2,.525,1.8,3.8,.474,4.6,8.4,.548,.598,2.4,3.4,.706,2.0,6.8,8.8,1.6,1.0,2.0,1.4,3.4,17.0
Zach Collins,2019-20,PF,22,POR,3,3,28.7,3.0,6.3,.474,1.0,2.3,.429,2.0,4.0,.500,.553,2.0,2.0,1.000,1.3,2.7,4.0,2.0,0.0,0.7,2.0,3.7,9.0
Mike Conley,2019-20,PG,32,UTA,21,21,29.9,4.6,12.5,.369,1.9,5.1,.374,2.7,7.4,.365,.445,2.8,3.5,.795,0.8,2.7,3.5,4.6,0.7,0.2,2.1,2.1,13.9
Pat Connaughton,2019-20,SG,27,MIL,21,0,18.1,2.2,4.5,.500,0.9,2.5,.346,1.4,2.0,.690,.596,0.6,0.8,.765,0.5,3.6,4.0,1.9,0.3,0.5,0.6,1.0,6.0
Quinn Cook,2019-20,PG,26,LAL,20,0,13.4,2.1,4.9,.429,0.6,1.8,.343,1.5,3.2,.476,.490,0.2,0.3,.800,0.2,1.0,1.2,1.5,0.3,0.1,0.8,0.6,5.0
Tyler Cook,2019-20,PF,22,CLE,6,0,2.8,0.8,1.0,.833,0.0,0.0,,0.8,1.0,.833,.833,0.3,0.3,1.000,0.5,0.3,0.8,0.0,0.2,0.0,0.2,0.2,2.0
Robert Covington,2019-20,PF,29,MIN,21,21,27.9,4.3,9.4,.462,2.1,5.6,.381,2.2,3.8,.582,.576,2.1,2.3,.898,0.8,4.6,5.4,1.1,1.4,0.9,1.6,3.0,12.9
Allen Crabbe,2019-20,SG,27,ATL,11,1,19.3,2.2,5.6,.387,1.0,3.5,.289,1.2,2.2,.542,.476,0.5,0.6,.714,0.5,2.2,2.6,0.9,0.6,0.2,0.5,0.9,5.8
Torrey Craig,2019-20,SF,29,DEN,14,2,13.7,1.0,2.9,.341,0.3,1.4,.200,0.7,1.5,.476,.390,0.3,0.6,.444,0.6,1.9,2.5,1.1,0.4,0.8,0.4,1.9,2.6
Jae Crowder,2019-20,SF,29,MEM,22,22,31.0,3.6,9.1,.393,2.2,6.6,.329,1.4,2.5,.564,.512,1.5,2.1,.739,0.7,5.1,5.8,2.8,0.9,0.4,1.4,2.0,10.9
Jarrett Culver,2019-20,SG,20,MIN,22,12,24.0,3.7,9.6,.382,1.0,3.9,.267,2.6,5.7,.460,.436,1.0,2.2,.438,1.0,2.2,3.3,2.4,1.0,0.5,1.3,2.0,9.4
Seth Curry,2019-20,SG,29,DAL,21,9,21.2,2.7,6.2,.431,1.5,3.9,.383,1.2,2.3,.510,.550,1.4,1.5,.935,0.4,1.5,1.9,1.6,0.6,0.2,0.8,1.8,8.2
Stephen Curry,2019-20,PG,31,GSW,4,4,28.0,6.8,16.5,.409,2.3,9.3,.243,4.5,7.3,.621,.477,4.5,4.5,1.000,1.0,4.0,5.0,6.5,1.3,0.5,3.8,2.5,20.3
Troy Daniels,2019-20,SG,28,LAL,19,0,14.3,1.7,4.7,.367,1.2,3.6,.338,0.5,1.2,.455,.494,0.2,0.2,.750,0.2,1.2,1.4,0.4,0.4,0.1,0.3,0.7,4.8
Anthony Davis,2019-20,PF,26,LAL,23,23,34.4,9.7,19.0,.507,1.1,3.3,.333,8.6,15.8,.543,.535,7.3,8.3,.870,2.4,6.6,9.0,3.3,1.5,2.7,2.3,2.3,27.7
Ed Davis,2019-20,C,30,UTA,11,0,12.3,0.8,1.7,.474,0.0,0.0,,0.8,1.7,.474,.474,0.3,0.5,.500,1.3,3.5,4.7,0.5,0.4,0.5,0.8,2.5,1.9
Terence Davis,2019-20,SG,22,TOR,22,0,15.8,2.5,5.0,.486,1.1,2.7,.424,1.3,2.4,.558,.599,0.6,0.7,.933,0.6,2.5,3.0,2.0,0.5,0.3,0.7,1.9,6.7
Dewayne Dedmon,2019-20,C,30,SAC,21,4,14.5,2.0,4.9,.408,0.5,2.3,.229,1.5,2.6,.564,.461,0.5,0.6,.846,1.2,2.8,4.0,0.4,0.4,0.5,1.5,2.6,5.0
Matthew Dellavedova,2019-20,PG,29,CLE,20,0,12.9,0.9,3.1,.290,0.2,1.8,.114,0.7,1.4,.519,.323,0.6,0.7,.923,0.3,1.1,1.3,2.1,0.4,0.1,0.8,1.5,2.6
DeMar DeRozan,2019-20,SF,30,SAS,23,23,34.2,8.2,16.2,.508,0.2,0.6,.357,8.0,15.6,.514,.515,4.7,5.8,.813,0.5,5.1,5.7,4.8,1.0,0.5,2.6,2.9,21.4
Cheick Diallo,2019-20,C,23,PHO,16,0,10.6,2.5,3.5,.714,0.1,0.1,1.000,2.4,3.4,.709,.723,0.9,1.1,.882,0.9,2.3,3.2,0.6,0.1,0.3,0.5,1.3,6.0
Hamidou Diallo,2019-20,SF,21,OKC,12,1,21.3,3.8,7.7,.500,0.2,1.1,.154,3.7,6.6,.557,.511,0.9,1.5,.611,1.2,2.7,3.8,0.8,1.5,0.3,1.2,2.4,8.8
Gorgui Dieng,2019-20,C,30,MIN,18,2,12.5,1.8,4.1,.432,0.4,1.4,.308,1.3,2.7,.500,.486,0.7,0.9,.750,0.9,3.2,4.1,1.1,0.7,1.1,0.7,1.4,4.7
Spencer Dinwiddie,2019-20,SG,26,BRK,23,12,29.7,6.8,15.9,.426,1.9,6.0,.312,4.9,9.9,.496,.485,5.2,6.1,.850,0.2,2.7,2.9,6.2,0.9,0.5,2.7,3.4,20.6
Donte DiVincenzo,2019-20,SG,23,MIL,20,10,21.1,3.2,7.6,.421,1.3,3.8,.342,1.9,3.8,.500,.507,1.0,1.3,.769,0.9,3.4,4.3,1.6,1.6,0.2,1.1,1.7,8.7
Luka Dončić,2019-20,PG,20,DAL,23,23,33.4,9.7,20.3,.476,3.0,9.5,.320,6.6,10.7,.615,.552,7.6,9.3,.814,1.3,8.5,9.8,9.2,1.3,0.1,4.6,2.4,30.0
Luguentz Dort,2019-20,SG,20,OKC,2,0,13.5,0.5,2.5,.200,0.0,1.5,.000,0.5,1.0,.500,.200,0.0,1.0,.000,0.0,2.0,2.0,0.0,0.5,0.0,0.0,3.0,1.0
Damyean Dotson,2019-20,SG,25,NYK,19,0,15.6,2.3,5.6,.411,1.0,3.3,.306,1.3,2.4,.556,.500,0.5,0.7,.769,0.2,1.4,1.6,1.0,0.5,0.2,0.6,0.9,6.2
Sekou Doumbouya,2019-20,SF,19,DET,4,0,2.8,0.8,1.5,.500,0.0,0.3,.000,0.8,1.3,.600,.500,0.0,0.3,.000,0.0,0.5,0.5,0.0,0.0,0.0,0.0,0.8,1.5
Goran Dragić,2019-20,PG,33,MIA,18,1,28.7,5.4,11.6,.466,2.2,5.3,.406,3.2,6.2,.518,.560,3.0,4.2,.711,0.3,2.9,3.2,5.0,0.7,0.2,2.6,1.8,15.9
Andre Drummond,2019-20,C,26,DET,23,23,34.2,7.4,13.7,.545,0.0,0.5,.000,7.4,13.1,.566,.545,2.8,4.4,.627,4.7,12.3,17.0,3.1,1.7,2.0,3.7,3.8,17.7
Jared Dudley,2019-20,SF,34,LAL,15,0,6.7,0.3,0.7,.455,0.3,0.5,.625,0.0,0.2,.000,.682,0.1,0.1,1.000,0.1,0.7,0.8,0.6,0.3,0.1,0.1,0.5,1.1
Kris Dunn,2019-20,PG,25,CHI,24,5,22.0,3.0,6.8,.436,0.4,2.1,.196,2.5,4.7,.545,.466,0.5,0.8,.722,0.5,2.7,3.2,3.0,2.0,0.3,1.0,3.5,6.9
Carsen Edwards,2019-20,SG,21,BOS,19,0,11.6,1.3,4.2,.313,0.8,2.5,.313,0.5,1.7,.313,.406,0.6,0.7,.846,0.3,1.5,1.8,0.9,0.4,0.1,0.6,1.1,4.0
Henry Ellenson,2019-20,PF,23,BRK,1,0,3.0,0.0,0.0,,0.0,0.0,,0.0,0.0,,,0.0,0.0,,0.0,0.0,0.0,0.0,0.0,0.0,0.0,0.0,0.0
Wayne Ellington,2019-20,SG,32,NYK,18,1,14.3,1.4,4.5,.321,1.2,3.8,.304,0.3,0.7,.417,.451,0.2,0.3,.667,0.1,1.6,1.6,0.9,0.3,0.1,0.7,1.1,4.3
Joel Embiid,2019-20,C,25,PHI,19,19,30.4,7.0,15.3,.459,1.1,3.5,.313,5.9,11.7,.502,.495,6.8,8.5,.807,2.5,9.9,12.5,2.9,0.9,1.4,3.4,3.5,21.9
James Ennis,2019-20,SF,29,PHI,24,0,17.5,2.5,5.0,.496,0.9,2.2,.423,1.6,2.9,.551,.587,1.5,1.9,.783,1.1,2.3,3.5,0.9,0.5,0.3,0.6,1.9,7.4
Drew Eubanks,2019-20,PF,22,SAS,4,0,7.8,1.3,2.5,.500,0.0,0.0,,1.3,2.5,.500,.500,0.3,0.3,1.000,1.3,2.0,3.3,0.5,0.0,0.3,1.0,1.0,2.8
Jacob Evans,2019-20,SG,22,GSW,3,0,14.3,1.7,4.0,.417,1.3,2.7,.500,0.3,1.3,.250,.583,1.3,1.3,1.000,0.3,1.3,1.7,0.7,0.0,0.0,0.3,0.7,6.0
Dante Exum,2019-20,SG,24,UTA,10,0,7.6,0.8,1.9,.421,0.2,0.5,.400,0.6,1.4,.429,.474,0.2,0.2,1.000,0.3,0.6,0.9,0.5,0.1,0.2,0.9,0.8,2.0
Tacko Fall,2019-20,C,24,BOS,1,0,4.0,2.0,4.0,.500,0.0,0.0,,2.0,4.0,.500,.500,0.0,0.0,,0.0,3.0,3.0,0.0,0.0,0.0,1.0,2.0,4.0
Derrick Favors,2019-20,C,28,NOP,9,7,21.0,4.0,6.4,.621,0.1,0.2,.500,3.9,6.2,.625,.629,0.2,0.7,.333,3.4,5.4,8.9,2.1,0.6,0.4,1.6,2.3,8.3
Terrance Ferguson,2019-20,SF,21,OKC,19,19,26.2,2.1,4.8,.424,1.2,3.4,.354,0.8,1.4,.593,.549,0.4,0.5,.778,0.6,1.3,1.9,1.0,0.5,0.3,0.7,3.0,5.7
Bruno Fernando,2019-20,C,21,ATL,23,0,12.0,1.7,3.2,.548,0.2,0.7,.267,1.6,2.5,.621,.575,0.6,1.0,.591,1.2,1.7,2.9,1.0,0.2,0.4,0.9,1.6,4.2
Yogi Ferrell,2019-20,PG,26,SAC,18,0,14.1,2.1,4.7,.452,0.4,1.6,.286,1.7,3.1,.536,.500,1.3,1.5,.889,0.2,1.1,1.3,1.9,0.4,0.1,0.7,0.9,6.0
Dorian Finney-Smith,2019-20,PF,26,DAL,23,20,26.9,3.2,6.7,.471,1.2,3.7,.329,2.0,3.0,.643,.561,1.0,1.5,.706,1.9,3.2,5.0,1.1,0.6,0.4,1.0,1.9,8.6
Bryn Forbes,2019-20,SG,26,SAS,23,23,26.9,4.6,10.9,.418,2.4,6.6,.362,2.2,4.3,.505,.528,1.3,1.6,.838,0.3,2.2,2.5,2.0,0.5,0.0,0.7,1.9,12.9
Evan Fournier,2019-20,SG,27,ORL,22,22,30.7,6.9,14.2,.487,2.7,6.1,.444,4.2,8.0,.520,.583,3.2,3.8,.843,0.2,2.7,2.9,3.2,1.0,0.2,2.1,2.3,19.7
De'Aaron Fox,2019-20,PG,22,SAC,9,9,32.0,6.1,14.2,.430,1.1,3.3,.333,5.0,10.9,.459,.469,4.9,6.9,.710,0.6,3.4,4.0,7.0,0.8,0.6,4.1,3.0,18.2
Melvin Frazier,2019-20,SG,23,ORL,4,0,2.8,0.3,1.5,.167,0.0,0.3,.000,0.3,1.3,.200,.167,0.0,0.0,,0.3,0.0,0.3,0.3,0.0,0.0,0.0,0.3,0.5
Tim Frazier,2019-20,PG,29,DET,13,4,10.6,0.7,3.2,.214,0.2,1.1,.214,0.5,2.2,.214,.250,0.8,1.1,.786,0.3,0.7,1.0,2.9,0.6,0.2,0.9,1.4,2.5
Markelle Fultz,2019-20,PG,21,ORL,22,17,25.6,5.0,10.1,.491,0.4,1.7,.216,4.6,8.4,.546,.509,1.7,2.1,.787,0.5,2.2,2.6,3.9,1.3,0.2,1.8,2.1,12.0
Wenyen Gabriel,2019-20,PF,22,SAC,7,0,6.7,0.7,2.3,.313,0.1,1.1,.125,0.6,1.1,.500,.344,0.7,1.3,.556,0.6,0.6,1.1,0.4,0.3,0.3,0.4,0.9,2.3
Daniel Gafford,2019-20,C,21,CHI,15,0,9.9,1.7,2.3,.735,0.0,0.0,,1.7,2.3,.735,.735,0.7,1.4,.476,0.9,0.9,1.7,0.1,0.0,0.7,0.1,1.5,4.0
Danilo Gallinari,2019-20,PF,31,OKC,22,22,30.4,5.6,12.5,.446,2.7,6.8,.403,2.9,5.8,.496,.554,4.4,4.8,.914,0.5,5.2,5.7,2.1,0.7,0.1,1.4,1.6,18.3
Langston Galloway,2019-20,SG,28,DET,23,6,27.9,3.9,8.8,.443,2.5,5.8,.425,1.4,3.0,.478,.584,2.0,2.2,.900,0.3,1.8,2.1,1.6,0.6,0.3,0.7,1.2,12.3
Darius Garland,2019-20,PG,20,CLE,22,22,28.4,4.1,11.0,.376,1.6,4.5,.360,2.5,6.5,.387,.450,1.0,1.2,.852,0.3,1.5,1.8,2.9,0.7,0.0,2.5,1.4,11.0
Marc Gasol,2019-20,C,35,TOR,22,22,28.7,2.0,6.2,.328,1.2,3.4,.347,0.9,2.8,.306,.423,0.9,1.1,.792,0.6,5.6,6.2,3.5,0.6,1.0,1.4,3.3,6.1
Rudy Gay,2019-20,PF,33,SAS,23,4,23.1,4.2,9.1,.459,0.9,3.2,.274,3.3,5.9,.559,.507,2.1,2.3,.889,1.3,4.6,5.9,1.9,0.4,0.6,1.7,1.5,11.3
Paul George,2019-20,SF,29,LAC,13,13,29.3,7.5,16.6,.454,3.8,9.2,.417,3.7,7.4,.500,.569,4.1,4.4,.930,0.5,5.6,6.2,3.5,1.4,0.4,3.5,2.5,23.0
Taj Gibson,2019-20,C,34,NYK,21,15,16.4,2.4,4.6,.521,0.1,0.4,.222,2.3,4.1,.552,.531,0.4,0.7,.600,2.0,2.5,4.4,1.2,0.7,0.2,0.7,2.2,5.3
Harry Giles,2019-20,PF,21,SAC,7,0,7.4,1.6,3.6,.440,0.0,0.0,,1.6,3.6,.440,.440,0.3,0.3,1.000,0.4,0.6,1.0,0.7,0.3,0.4,0.7,1.9,3.4
Shai Gilgeous-Alexander,2019-20,SG,21,OKC,22,22,34.9,6.8,15.5,.437,1.5,4.1,.356,5.3,11.4,.466,.484,3.7,4.6,.804,0.7,4.4,5.1,3.0,1.0,0.5,2.2,1.8,18.7
Rudy Gobert,2019-20,C,27,UTA,21,21,33.9,5.3,8.0,.667,0.0,0.0,,5.3,8.0,.667,.667,3.5,5.7,.617,3.3,10.0,13.4,1.4,0.8,1.9,2.1,3.2,14.2
Brandon Goodwin,2019-20,PG,24,ATL,2,0,2.5,0.0,0.5,.000,0.0,0.5,.000,0.0,0.0,,.000,0.0,0.0,,0.0,0.0,0.0,0.0,0.0,0.0,1.0,0.5,0.0
Aaron Gordon,2019-20,PF,24,ORL,19,19,30.8,5.1,11.8,.433,1.3,3.9,.324,3.8,7.9,.487,.487,2.4,3.3,.714,1.4,5.1,6.5,2.9,0.7,0.5,1.3,2.2,13.8
Eric Gordon,2019-20,SG,31,HOU,9,2,29.4,3.8,12.2,.309,2.3,8.2,.284,1.4,4.0,.361,.405,1.0,1.6,.643,0.3,1.6,1.9,0.8,0.6,0.2,1.3,2.3,10.9
Devonte' Graham,2019-20,PG,24,CHO,25,15,33.6,6.1,15.2,.404,3.6,8.7,.415,2.5,6.5,.389,.522,3.0,3.7,.806,1.1,2.7,3.8,7.8,0.7,0.2,3.1,1.6,18.8
Treveon Graham,2019-20,SG,26,MIN,21,17,22.5,2.2,6.4,.343,0.6,2.9,.197,1.6,3.5,.466,.388,0.9,1.0,.818,1.1,2.5,3.6,1.1,0.7,0.1,0.6,2.3,5.8
Jerami Grant,2019-20,PF,25,DEN,21,0,22.1,3.5,7.8,.454,1.2,3.4,.361,2.3,4.3,.527,.534,1.2,2.0,.595,0.5,3.0,3.5,1.0,0.3,0.6,0.9,1.8,9.5
Josh Gray,2019-20,PG,26,NOP,2,0,11.5,0.5,1.0,.500,0.0,0.0,,0.5,1.0,.500,.500,0.0,0.0,,0.5,0.5,1.0,1.0,0.0,0.0,2.5,0.5,1.0
Danny Green,2019-20,SG,32,LAL,24,24,25.3,3.0,6.8,.433,2.0,4.9,.398,1.0,1.9,.522,.576,0.3,0.5,.727,0.6,3.2,3.8,1.2,1.3,0.5,1.0,2.4,8.2
Draymond Green,2019-20,PF,29,GSW,15,15,27.8,3.0,7.5,.398,0.7,2.5,.270,2.3,5.1,.461,.442,1.7,2.3,.714,0.4,5.7,6.1,5.6,1.6,0.5,2.2,2.6,8.3
JaMychal Green,2019-20,PF,29,LAC,22,0,21.3,2.5,6.0,.414,1.5,4.1,.378,1.0,2.0,.488,.541,0.8,1.0,.857,1.3,5.3,6.6,0.5,0.6,0.3,0.9,2.5,7.4
Javonte Green,2019-20,SF,26,BOS,15,0,6.9,1.3,2.3,.588,0.2,0.7,.300,1.1,1.6,.708,.632,0.1,0.3,.400,0.2,0.8,1.0,0.3,0.3,0.1,0.2,0.7,3.0
Jeff Green,2019-20,PF,33,UTA,23,2,19.3,2.7,6.7,.399,1.3,3.7,.353,1.3,3.0,.456,.497,1.9,2.3,.796,0.4,2.4,2.8,0.7,0.4,0.4,1.1,1.8,8.5
Blake Griffin,2019-20,PF,30,DET,11,11,28.9,6.2,14.9,.415,2.0,6.2,.324,4.2,8.7,.479,.482,5.0,6.5,.775,1.1,3.9,5.0,3.5,0.4,0.4,2.6,1.5,19.4
Marko Guduric,2019-20,SG,24,MEM,22,0,15.2,2.0,5.1,.389,0.8,2.5,.309,1.2,2.6,.466,.465,0.6,0.7,.867,0.5,1.6,2.1,1.5,0.3,0.2,1.1,1.0,5.4
Rui Hachimura,2019-20,PF,21,WAS,22,22,29.6,6.0,12.4,.484,0.4,2.0,.205,5.6,10.4,.537,.500,1.8,2.0,.889,1.5,4.2,5.8,1.7,0.8,0.1,0.9,2.2,14.2
Devon Hall,2019-20,SG,24,OKC,4,0,4.8,0.3,1.3,.200,0.0,0.5,.000,0.3,0.8,.333,.200,0.8,1.0,.750,0.0,0.3,0.3,0.8,0.0,0.0,0.3,0.3,1.3
Tim Hardaway,2019-20,SG,27,DAL,23,10,24.8,4.5,10.3,.433,2.4,6.4,.381,2.0,4.0,.516,.550,1.8,2.2,.820,0.3,1.8,2.1,1.8,0.6,0.1,0.5,1.9,13.2
James Harden,2019-20,SG,30,HOU,22,22,37.6,10.5,24.3,.431,4.7,14.0,.339,5.7,10.3,.555,.528,12.8,14.6,.876,1.0,5.1,6.1,7.4,2.0,0.5,4.9,3.2,38.5
Maurice Harkless,2019-20,SF,26,LAC,24,14,22.7,2.3,4.6,.491,0.6,1.6,.385,1.6,3.0,.549,.559,0.5,0.9,.500,0.8,2.3,3.0,1.2,1.1,0.8,0.9,2.9,5.6
Jared Harper,2019-20,PG,22,PHO,1,0,2.0,0.0,1.0,.000,0.0,1.0,.000,0.0,0.0,,.000,0.0,0.0,,0.0,0.0,0.0,0.0,0.0,0.0,0.0,0.0,0.0
Montrezl Harrell,2019-20,C,26,LAC,24,2,29.3,7.8,12.9,.600,0.0,0.4,.000,7.8,12.5,.618,.600,3.3,5.3,.622,2.9,4.9,7.8,2.1,0.8,1.2,1.7,2.3,18.8
Gary Harris,2019-20,SG,25,DEN,21,21,31.8,4.0,9.7,.414,1.5,4.1,.368,2.5,5.5,.448,.493,1.0,1.4,.759,0.5,2.6,3.1,1.9,1.1,0.3,1.0,2.1,10.6
Joe Harris,2019-20,SF,28,BRK,23,23,31.7,5.5,11.3,.483,2.9,6.3,.455,2.6,5.0,.517,.609,1.0,1.2,.815,0.9,2.9,3.8,2.1,0.7,0.3,1.3,2.5,14.8
Tobias Harris,2019-20,PF,27,PHI,24,24,34.2,7.6,15.5,.488,1.4,4.5,.318,6.2,11.1,.556,.534,2.6,3.3,.797,0.7,6.3,7.0,3.1,0.9,0.8,2.1,2.7,19.2
Shaquille Harrison,2019-20,SF,26,CHI,14,4,9.5,1.3,3.2,.400,0.2,0.6,.333,1.1,2.6,.417,.433,0.8,1.3,.611,0.4,1.6,1.9,1.4,0.4,0.3,0.4,1.1,3.6
Josh Hart,2019-20,SF,24,NOP,16,4,27.1,3.7,8.7,.424,2.2,6.0,.365,1.5,2.7,.558,.550,1.6,2.1,.765,1.1,5.1,6.2,1.3,1.1,0.4,1.3,2.8,11.2
Isaiah Hartenstein,2019-20,C,21,HOU,8,0,12.0,1.4,1.9,.733,0.0,0.1,.000,1.4,1.8,.786,.733,1.1,1.4,.818,1.0,2.3,3.3,0.5,0.3,0.5,0.8,2.0,3.9
Udonis Haslem,2019-20,PF,39,MIA,2,0,5.5,0.5,0.5,1.000,0.0,0.0,,0.5,0.5,1.000,1.000,1.5,2.0,.750,0.0,1.5,1.5,0.0,0.0,0.0,0.0,1.5,2.5
Jaxson Hayes,2019-20,C,19,NOP,20,10,21.1,3.4,5.6,.613,0.0,0.1,.000,3.4,5.5,.624,.613,2.1,3.1,.661,2.1,2.6,4.7,0.7,0.8,1.1,0.9,3.2,8.9
Gordon Hayward,2019-20,SF,29,BOS,8,8,31.1,7.6,13.8,.555,1.6,3.8,.433,6.0,10.0,.600,.614,2.0,2.4,.842,0.8,6.4,7.1,4.1,0.8,0.3,1.9,1.9,18.9
John Henson,2019-20,PF,29,CLE,4,0,12.5,1.8,3.8,.467,0.0,1.0,.000,1.8,2.8,.636,.467,0.5,2.0,.250,1.3,2.0,3.3,1.3,0.8,1.5,1.0,1.0,4.0
Dewan Hernandez,2019-20,C,23,TOR,3,0,3.0,0.3,1.7,.200,0.0,0.3,.000,0.3,1.3,.250,.200,0.7,0.7,1.000,0.7,1.7,2.3,0.0,0.3,0.0,0.3,1.7,1.3
Juan Hernangómez,2019-20,PF,24,DEN,14,0,14.9,1.5,4.1,.368,0.9,2.6,.324,0.6,1.4,.450,.474,0.4,0.6,.556,0.6,2.0,2.6,0.8,0.1,0.2,0.6,1.0,4.2
Willy Hernangómez,2019-20,C,25,CHO,8,0,7.5,1.1,2.8,.409,0.3,0.8,.333,0.9,2.0,.438,.455,0.5,1.0,.500,1.1,1.5,2.6,0.3,0.1,0.4,0.6,0.5,3.0
Tyler Herro,2019-20,SG,20,MIA,22,3,29.0,5.3,11.9,.448,2.1,5.5,.392,3.2,6.4,.496,.538,1.8,2.1,.830,0.3,3.8,4.0,2.0,0.8,0.1,2.0,1.5,14.5
Mario Hezonja,2019-20,PF,24,POR,21,4,17.2,1.6,4.5,.351,0.5,1.5,.323,1.1,3.0,.365,.404,1.0,1.2,.840,0.6,3.8,4.4,1.0,0.6,0.1,0.9,2.2,4.6
Buddy Hield,2019-20,SG,27,SAC,22,22,34.3,7.7,18.4,.418,3.8,10.3,.367,3.9,8.1,.483,.521,2.1,2.5,.852,1.0,3.8,4.8,2.7,0.8,0.4,2.5,2.6,21.2
George Hill,2019-20,PG,33,MIL,21,0,21.1,3.2,6.1,.531,1.5,3.0,.516,1.7,3.1,.545,.656,1.4,1.7,.833,1.0,1.9,2.9,3.2,0.8,0.1,0.7,1.6,9.4
Solomon Hill,2019-20,SF,28,MEM,20,1,19.8,2.4,5.4,.439,1.2,2.9,.404,1.2,2.5,.480,.547,0.6,0.9,.611,0.6,2.7,3.2,1.9,1.0,0.1,0.9,1.7,6.4
Jaylen Hoard,2019-20,SF,20,POR,4,0,3.0,0.3,0.5,.500,0.0,0.0,,0.3,0.5,.500,.500,0.3,0.5,.500,0.3,1.0,1.3,0.5,0.3,0.0,0.0,0.3,0.8
Aaron Holiday,2019-20,PG,23,IND,21,9,21.4,3.4,8.6,.400,1.5,3.9,.395,1.9,4.7,.404,.489,0.5,0.6,.917,0.4,2.1,2.5,2.8,0.8,0.1,1.4,1.5,8.9
Jrue Holiday,2019-20,SG,29,NOP,21,21,35.9,7.8,17.3,.448,1.8,5.3,.333,6.0,12.0,.498,.499,2.0,2.7,.719,1.2,3.7,5.0,6.7,2.0,0.7,3.3,2.5,19.2
Justin Holiday,2019-20,SG,30,IND,23,2,25.2,2.7,6.3,.428,1.6,3.9,.411,1.1,2.4,.455,.555,0.8,1.0,.826,0.4,3.3,3.7,1.6,1.0,0.7,0.7,1.7,7.8
Rondae Hollis-Jefferson,2019-20,SF,25,TOR,15,0,20.9,3.6,6.5,.557,0.1,0.3,.250,3.5,6.2,.570,.562,1.8,2.5,.730,2.6,3.1,5.7,1.5,0.7,0.4,1.2,1.8,9.1
Richaun Holmes,2019-20,C,26,SAC,22,18,29.0,5.3,7.9,.672,0.0,0.0,,5.3,7.9,.672,.672,1.7,2.3,.760,2.9,5.8,8.6,1.1,0.9,1.4,1.0,4.1,12.4
Rodney Hood,2019-20,SF,27,POR,21,21,29.5,4.1,8.2,.506,1.7,3.4,.493,2.5,4.8,.515,.608,1.0,1.3,.778,0.5,3.0,3.4,1.5,0.8,0.2,0.9,2.2,11.0
Al Horford,2019-20,C,33,PHI,22,22,30.8,5.6,11.5,.490,1.5,3.9,.388,4.1,7.6,.542,.555,1.1,1.7,.676,1.7,5.0,6.7,4.0,1.1,1.0,1.1,2.4,13.9
Talen Horton-Tucker,2019-20,SG,19,LAL,1,0,2.0,0.0,1.0,.000,0.0,1.0,.000,0.0,0.0,,.000,0.0,0.0,,0.0,0.0,0.0,1.0,0.0,0.0,0.0,0.0,0.0
Danuel House,2019-20,SF,26,HOU,16,14,29.6,3.9,8.3,.466,2.5,5.7,.440,1.4,2.6,.524,.617,1.9,2.3,.811,1.1,3.3,4.4,1.4,1.2,0.6,0.9,2.2,12.1
Dwight Howard,2019-20,C,34,LAL,24,0,20.0,2.8,3.7,.742,0.0,0.1,.333,2.7,3.6,.756,.747,1.5,2.8,.522,2.1,5.0,7.0,0.8,0.4,1.4,1.1,3.7,7.0
Kevin Huerter,2019-20,SG,21,ATL,12,4,22.1,2.9,6.9,.422,1.7,4.3,.392,1.3,2.7,.469,.542,1.0,1.3,.800,0.6,2.6,3.2,3.0,0.8,0.4,1.4,1.9,8.5
De'Andre Hunter,2019-20,SF,22,ATL,22,21,31.5,4.3,10.9,.393,1.7,4.8,.352,2.6,6.1,.425,.471,1.9,2.3,.804,0.5,3.5,4.0,1.9,0.6,0.2,1.8,2.6,12.1
Chandler Hutchison,2019-20,SF,23,CHI,9,6,17.1,2.2,4.9,.455,0.6,1.3,.417,1.7,3.6,.469,.511,2.1,3.2,.655,0.1,3.6,3.7,0.9,0.6,0.2,1.3,1.3,7.1
Serge Ibaka,2019-20,C,30,TOR,12,0,22.6,5.2,10.9,.473,0.9,2.6,.355,4.3,8.3,.510,.515,2.1,2.6,.806,1.4,5.0,6.4,1.2,0.5,0.9,2.3,2.9,13.3
Ersan İlyasova,2019-20,PF,32,MIL,21,0,15.8,2.6,5.4,.474,0.7,2.5,.288,1.9,3.0,.629,.539,1.2,1.5,.839,1.3,3.4,4.7,0.6,0.5,0.3,0.3,1.8,7.1
Joe Ingles,2019-20,SF,32,UTA,23,3,27.5,2.5,6.8,.363,1.4,4.4,.314,1.1,2.4,.455,.465,1.0,1.4,.750,0.2,3.8,4.0,3.9,0.9,0.1,1.6,2.3,7.4
Brandon Ingram,2019-20,PF,22,NOP,19,19,33.5,8.8,17.9,.493,2.2,5.3,.416,6.6,12.6,.525,.554,4.7,5.6,.832,0.7,6.3,7.0,4.0,0.8,0.9,2.8,3.1,24.6
Kyrie Irving,2019-20,PG,27,BRK,11,11,33.8,10.2,22.9,.444,2.8,8.3,.341,7.4,14.6,.503,.506,5.4,5.7,.937,0.9,4.5,5.4,7.2,1.1,0.5,2.4,2.9,28.5
Jonathan Isaac,2019-20,SF,22,ORL,20,20,31.0,4.8,10.6,.453,1.2,3.6,.333,3.6,7.0,.514,.509,1.7,2.1,.786,1.8,5.5,7.2,1.4,1.4,2.8,1.6,2.3,12.5
Wesley Iwundu,2019-20,SF,25,ORL,11,3,14.6,0.9,3.2,.286,0.1,0.8,.111,0.8,2.4,.346,.300,1.4,1.6,.833,0.4,1.7,2.1,0.8,0.5,0.3,0.4,0.8,3.3
Frank Jackson,2019-20,PG,21,NOP,21,1,15.2,2.5,6.7,.371,1.0,3.1,.308,1.5,3.6,.427,.443,1.2,1.5,.813,0.2,1.2,1.4,1.0,0.4,0.0,1.0,1.5,7.1
Jaren Jackson,2019-20,C,20,MEM,21,21,27.0,5.9,13.0,.452,2.1,5.5,.383,3.8,7.5,.503,.533,2.4,3.0,.806,1.3,3.6,4.9,1.4,0.5,1.1,1.9,4.1,16.2
Justin Jackson,2019-20,PF,24,DAL,22,0,14.1,2.5,5.3,.466,1.0,2.6,.397,1.4,2.6,.534,.565,0.5,0.6,.769,0.4,2.1,2.5,0.4,0.2,0.1,0.2,1.0,6.4
Reggie Jackson,2019-20,PG,29,DET,2,2,18.0,2.0,5.5,.364,0.5,2.5,.200,1.5,3.0,.500,.409,0.5,0.5,1.000,0.5,2.0,2.5,4.0,0.0,0.0,0.5,1.0,5.0
Justin James,2019-20,SG,23,SAC,11,0,12.7,1.6,4.0,.409,0.3,1.3,.214,1.4,2.7,.500,.443,0.1,0.5,.167,0.2,1.6,1.8,0.8,0.4,0.5,0.5,1.0,3.6
LeBron James,2019-20,PG,35,LAL,24,24,34.4,10.0,19.9,.501,2.2,6.0,.364,7.8,13.9,.560,.556,3.8,5.4,.705,1.0,5.9,6.8,10.8,1.3,0.5,3.7,1.8,25.9
Amile Jefferson,2019-20,PF,26,ORL,4,0,3.0,0.8,0.8,1.000,0.0,0.0,,0.8,0.8,1.000,1.000,0.0,0.0,,0.5,0.5,1.0,0.5,0.0,0.0,0.3,0.5,1.5
DaQuan Jeffries,2019-20,SG,22,SAC,2,0,5.5,0.5,0.5,1.000,0.0,0.0,,0.5,0.5,1.000,1.000,0.0,0.0,,0.5,0.0,0.5,0.5,0.0,0.0,0.0,0.5,1.0
Ty Jerome,2019-20,PG,22,PHO,4,0,13.0,1.5,4.3,.353,0.8,1.5,.500,0.8,2.8,.273,.441,0.5,0.5,1.000,0.0,1.8,1.8,3.0,2.0,0.0,1.5,1.8,4.3
Alize Johnson,2019-20,SF,23,IND,8,0,4.6,0.6,1.4,.455,0.0,0.0,,0.6,1.4,.455,.455,0.4,0.5,.750,0.8,0.8,1.5,0.3,0.0,0.0,0.1,0.5,1.6
B.J. Johnson,2019-20,SF,24,ORL,1,0,3.0,0.0,0.0,,0.0,0.0,,0.0,0.0,,,0.0,0.0,,0.0,0.0,0.0,0.0,0.0,0.0,0.0,0.0,0.0
Cameron Johnson,2019-20,PF,23,PHO,20,0,19.7,3.2,7.3,.434,2.0,4.9,.412,1.2,2.4,.479,.572,0.8,0.9,.941,1.0,2.0,3.0,0.8,0.6,0.4,0.7,1.9,9.1
James Johnson,2019-20,PF,32,MIA,6,0,11.3,1.3,3.0,.444,0.3,1.5,.222,1.0,1.5,.667,.500,0.3,0.7,.500,0.3,1.5,1.8,0.7,0.5,0.3,0.7,0.8,3.3
Keldon Johnson,2019-20,SF,20,SAS,1,0,2.0,0.0,1.0,.000,0.0,0.0,,0.0,1.0,.000,.000,0.0,0.0,,0.0,0.0,0.0,0.0,0.0,0.0,0.0,0.0,0.0
Stanley Johnson,2019-20,PF,23,TOR,5,0,3.8,0.6,1.8,.333,0.2,0.8,.250,0.4,1.0,.400,.389,0.0,0.0,,0.4,1.0,1.4,0.0,0.2,0.0,0.8,1.2,1.4
Tyler Johnson,2019-20,SG,27,PHO,19,3,19.2,2.3,5.8,.396,0.9,2.9,.327,1.4,2.9,.464,.477,0.9,1.3,.750,0.3,1.6,1.8,2.2,0.3,0.3,1.0,1.5,6.5
Nikola Jokić,2019-20,C,24,DEN,21,21,31.0,6.6,14.1,.465,0.9,4.0,.229,5.7,10.2,.556,.497,2.0,2.6,.796,2.1,8.0,10.1,6.1,1.1,0.6,2.6,3.2,16.1
Damian Jones,2019-20,C,24,ATL,22,14,19.0,3.1,4.5,.704,0.1,0.2,.400,3.0,4.2,.720,.714,1.3,2.0,.674,1.6,2.5,4.1,0.8,0.5,0.9,0.7,3.5,7.7
Derrick Jones,2019-20,SF,22,MIA,9,0,14.7,1.8,3.8,.471,0.2,0.9,.250,1.6,2.9,.538,.500,0.8,1.1,.700,0.6,1.7,2.2,0.8,0.8,0.2,0.7,2.0,4.6
Tyus Jones,2019-20,PG,23,MEM,22,5,20.6,2.5,6.6,.377,0.3,1.6,.194,2.2,5.0,.436,.401,0.8,1.1,.720,0.0,1.5,1.5,4.8,0.9,0.1,1.4,0.9,6.1
DeAndre Jordan,2019-20,C,31,BRK,20,3,21.5,3.4,4.8,.705,0.0,0.0,,3.4,4.8,.705,.705,1.5,2.2,.674,2.3,7.0,9.2,2.1,0.4,1.1,1.1,2.1,8.2
Cory Joseph,2019-20,PG,28,SAC,22,13,25.8,2.2,6.2,.358,0.4,1.8,.231,1.8,4.5,.408,.391,0.7,0.7,1.000,0.5,2.0,2.5,3.9,0.8,0.5,1.4,2.1,5.5
Mfiondu Kabengele,2019-20,C,22,LAC,8,0,4.4,0.9,2.3,.389,0.5,1.3,.400,0.4,1.0,.375,.500,0.4,0.4,1.000,0.1,0.6,0.8,0.1,0.1,0.1,0.1,0.4,2.6
Frank Kaminsky,2019-20,C,26,PHO,22,9,24.1,3.8,8.9,.426,1.1,3.6,.304,2.7,5.3,.509,.487,2.0,3.0,.672,1.1,4.3,5.4,2.2,0.4,0.4,1.1,2.2,10.7
Enes Kanter,2019-20,C,27,BOS,14,3,15.8,2.9,4.9,.588,0.0,0.1,.000,2.9,4.8,.597,.588,1.6,2.5,.657,2.6,3.4,5.9,1.1,0.6,0.4,0.8,1.3,7.4
Luke Kennard,2019-20,SG,23,DET,22,19,33.1,5.6,12.5,.449,2.6,6.5,.408,3.0,6.0,.492,.555,2.6,2.9,.891,0.3,3.2,3.5,4.3,0.5,0.2,1.5,2.3,16.4
Stanton Kidd,2019-20,SF,27,UTA,4,0,3.8,0.0,0.8,.000,0.0,0.3,.000,0.0,0.5,.000,.000,0.0,0.0,,0.0,0.8,0.8,0.3,0.0,0.0,0.5,0.8,0.0
Michael Kidd-Gilchrist,2019-20,PF,26,CHO,3,0,13.7,1.7,6.0,.278,0.7,2.0,.333,1.0,4.0,.250,.333,0.7,0.7,1.000,1.0,2.0,3.0,1.0,0.0,0.3,0.7,2.3,4.7
Maxi Kleber,2019-20,C,28,DAL,22,5,24.3,2.7,6.4,.421,1.4,3.8,.369,1.3,2.5,.500,.532,1.3,1.4,.903,1.7,4.0,5.7,1.0,0.2,0.6,0.7,1.8,8.0
Brandon Knight,2019-20,PG,28,CLE,8,0,11.9,1.8,5.0,.350,1.3,3.9,.323,0.5,1.1,.444,.475,0.3,0.8,.333,0.1,0.9,1.0,1.9,0.5,0.0,0.8,1.1,5.0
Kevin Knox,2019-20,SF,20,NYK,22,3,19.9,2.5,6.8,.376,1.4,3.7,.366,1.2,3.0,.388,.477,1.4,2.1,.660,0.5,2.4,2.9,1.2,0.5,0.3,0.7,1.6,7.9
John Konchar,2019-20,SG,23,MEM,1,0,7.0,0.0,0.0,,0.0,0.0,,0.0,0.0,,,0.0,0.0,,0.0,0.0,0.0,0.0,0.0,0.0,0.0,0.0,0.0
Furkan Korkmaz,2019-20,SG,22,PHI,23,11,22.8,3.1,7.3,.423,1.7,4.6,.362,1.4,2.7,.524,.536,0.7,0.9,.810,0.2,2.1,2.3,0.9,0.3,0.2,0.8,1.6,8.6
Luke Kornet,2019-20,C,24,CHI,13,0,10.4,1.2,3.5,.326,0.4,2.0,.192,0.8,1.5,.500,.380,0.4,0.4,1.000,0.4,1.2,1.5,0.5,0.2,0.8,0.2,0.9,3.1
Kyle Korver,2019-20,SF,38,MIL,19,0,15.6,1.8,4.8,.370,1.5,4.1,.377,0.3,0.8,.333,.527,0.5,0.6,.818,0.3,1.3,1.6,0.8,0.4,0.2,0.8,1.0,5.6
Rodions Kurucs,2019-20,PF,21,BRK,10,0,9.9,0.9,2.3,.391,0.3,0.7,.429,0.6,1.6,.375,.457,0.2,0.6,.333,0.5,1.7,2.2,0.1,0.5,0.0,1.2,1.6,2.3
Kyle Kuzma,2019-20,PF,24,LAL,20,1,23.1,4.1,9.4,.433,1.6,4.5,.360,2.5,4.9,.500,.519,1.4,2.0,.692,0.4,3.0,3.4,0.9,0.3,0.4,1.8,1.7,11.1
Skal Labissière,2019-20,C,23,POR,24,0,16.6,2.6,4.5,.574,0.1,0.3,.250,2.5,4.2,.600,.583,0.6,0.9,.682,2.0,3.0,5.0,1.1,0.3,1.0,1.0,2.5,5.9
Jeremy Lamb,2019-20,SG,27,IND,14,14,33.0,6.1,12.9,.475,1.3,4.1,.310,4.9,8.8,.553,.525,2.4,2.8,.872,0.6,4.8,5.4,2.8,1.1,0.6,1.4,2.2,16.0
Romeo Langford,2019-20,SG,20,BOS,1,0,0.0,0.0,0.0,,0.0,0.0,,0.0,0.0,,,0.0,0.0,,0.0,0.0,0.0,0.0,0.0,0.0,0.0,0.0,0.0
Zach LaVine,2019-20,SG,24,CHI,24,24,32.7,7.6,17.8,.429,3.0,7.4,.401,4.7,10.4,.448,.512,4.1,5.1,.805,0.7,3.5,4.2,3.9,1.3,0.5,3.5,2.6,22.3
Jake Layman,2019-20,PF,25,MIN,14,2,26.4,4.4,9.4,.462,1.4,3.9,.352,3.0,5.6,.538,.534,0.4,0.7,.600,0.9,2.1,2.9,0.8,0.9,0.7,1.3,2.2,10.5
T.J. Leaf,2019-20,PF,22,IND,15,1,10.5,1.7,3.9,.448,0.3,0.7,.455,1.4,3.1,.447,.491,0.3,0.5,.625,1.3,2.5,3.8,0.4,0.5,0.2,0.4,0.9,4.1
Courtney Lee,2019-20,SG,34,DAL,7,3,8.9,1.9,3.1,.591,1.0,1.7,.583,0.9,1.4,.600,.750,0.0,0.0,,0.0,0.4,0.4,0.4,0.0,0.3,0.1,0.7,4.7
Damion Lee,2019-20,SG,27,GSW,11,0,21.9,3.2,8.3,.385,1.1,3.2,.343,2.1,5.1,.411,.451,2.5,3.0,.848,0.8,3.1,3.9,1.8,0.7,0.0,1.2,1.6,10.0
Alex Len,2019-20,C,26,ATL,22,9,16.9,3.0,5.9,.512,0.2,1.2,.185,2.8,4.6,.598,.531,1.4,2.0,.698,1.4,3.3,4.7,0.9,0.5,0.8,1.0,2.1,7.6
Kawhi Leonard,2019-20,SF,28,LAC,18,18,31.1,8.9,20.0,.447,1.7,5.1,.330,7.3,14.9,.487,.489,5.5,6.4,.853,1.1,6.8,7.9,5.2,1.9,0.8,3.4,2.0,25.1
Meyers Leonard,2019-20,PF,27,MIA,23,23,18.5,2.3,4.0,.582,0.9,1.7,.525,1.4,2.2,.627,.698,0.2,0.4,.556,0.3,4.0,4.3,0.9,0.3,0.4,0.8,2.1,5.7
Caris LeVert,2019-20,SG,25,BRK,9,9,31.6,6.6,15.6,.421,1.4,4.0,.361,5.1,11.6,.442,.468,2.2,3.4,.645,1.1,3.9,5.0,4.0,0.7,0.1,3.4,2.2,16.8
Damian Lillard,2019-20,PG,29,POR,22,22,36.9,8.3,18.7,.443,3.1,9.0,.350,5.1,9.7,.528,.527,7.0,7.7,.911,0.5,4.1,4.6,7.4,1.0,0.5,2.9,2.0,26.7
Nassir Little,2019-20,PF,19,POR,17,3,15.2,1.7,4.2,.408,0.3,1.7,.172,1.4,2.5,.571,.444,0.8,1.2,.650,1.1,2.4,3.5,0.5,0.4,0.4,0.5,2.0,4.5
Kevon Looney,2019-20,C,23,GSW,4,2,11.3,1.5,4.0,.375,0.3,0.3,1.000,1.3,3.8,.333,.406,0.5,1.0,.500,2.0,1.8,3.8,0.5,0.0,0.5,1.0,1.8,3.8
Brook Lopez,2019-20,C,31,MIL,21,21,26.5,3.4,8.7,.393,1.4,5.0,.279,2.0,3.8,.544,.473,2.0,2.1,.932,0.5,4.4,4.9,1.4,0.7,2.5,1.0,2.2,10.2
Robin Lopez,2019-20,C,31,MIL,23,2,14.4,2.0,4.1,.489,0.6,1.7,.342,1.4,2.4,.589,.559,0.4,0.7,.588,1.1,1.7,2.8,0.7,0.2,0.7,1.3,1.7,5.0
Kevin Love,2019-20,PF,31,CLE,18,18,30.4,4.9,11.1,.440,2.2,5.8,.371,2.7,5.3,.516,.538,4.2,4.7,.882,0.9,9.6,10.5,2.7,0.7,0.4,2.8,1.4,16.1
Kyle Lowry,2019-20,PG,33,TOR,11,11,37.3,6.2,13.9,.444,3.3,8.4,.391,2.9,5.5,.525,.562,5.4,5.9,.908,0.6,4.0,4.6,6.9,1.2,0.4,3.3,3.0,21.0
Timothé Luwawu-Cabarrot,2019-20,SG,24,BRK,2,0,3.0,0.0,1.0,.000,0.0,0.5,.000,0.0,0.5,.000,.000,0.5,1.0,.500,0.0,0.0,0.0,0.0,0.0,0.0,0.0,0.0,0.5
Trey Lyles,2019-20,PF,24,SAS,23,14,17.3,1.7,3.8,.432,0.8,2.1,.375,0.9,1.7,.500,.534,0.2,0.4,.556,1.4,4.7,6.1,1.3,0.3,0.3,0.8,1.2,4.3
Daryl Macon,2019-20,SG,24,MIA,3,0,4.3,0.3,1.0,.333,0.3,0.7,.500,0.0,0.3,.000,.500,0.0,0.0,,0.0,0.0,0.0,0.3,0.0,0.0,0.7,0.3,1.0
Josh Magette,2019-20,PG,30,ORL,3,0,3.3,0.7,2.0,.333,0.0,0.0,,0.7,2.0,.333,.333,0.3,0.7,.500,0.3,0.7,1.0,0.7,0.7,0.0,1.0,0.0,1.7
Ian Mahinmi,2019-20,C,33,WAS,2,0,15.5,3.0,4.5,.667,0.0,0.0,,3.0,4.5,.667,.667,2.0,3.0,.667,2.5,3.0,5.5,1.0,0.0,1.5,1.5,3.5,8.0
Thon Maker,2019-20,C,22,DET,21,0,10.8,1.1,2.0,.535,0.3,0.7,.500,0.8,1.4,.552,.616,0.8,1.5,.516,0.5,1.3,1.8,0.4,0.3,0.6,0.5,1.4,3.3
Terance Mann,2019-20,SG,23,LAC,19,3,8.7,1.0,2.1,.487,0.1,0.5,.222,0.9,1.6,.567,.513,0.4,0.4,.875,0.2,1.0,1.2,1.2,0.3,0.1,0.6,1.1,2.5
Boban Marjanović,2019-20,C,31,DAL,10,1,13.1,3.1,5.6,.554,0.0,0.1,.000,3.1,5.5,.564,.554,1.3,1.6,.813,1.5,4.0,5.5,0.7,0.2,0.3,0.9,1.8,7.5
Lauri Markkanen,2019-20,PF,22,CHI,24,24,30.0,4.5,11.8,.379,2.0,6.1,.320,2.5,5.6,.444,.463,3.4,4.1,.818,1.0,5.8,6.8,1.7,0.9,0.5,1.9,1.9,14.3
Caleb Martin,2019-20,SF,24,CHO,4,0,7.0,0.8,2.5,.300,0.0,0.8,.000,0.8,1.8,.429,.300,0.3,0.8,.333,0.3,1.0,1.3,0.8,0.3,0.5,0.8,0.8,1.8
Cody Martin,2019-20,SF,24,CHO,17,0,11.3,0.9,2.5,.372,0.1,1.1,.056,0.9,1.5,.600,.384,0.9,1.3,.682,0.5,1.6,2.1,1.1,0.8,0.1,0.4,1.1,2.8
Kelan Martin,2019-20,SF,24,MIN,9,0,13.7,1.7,4.9,.341,0.6,2.7,.208,1.1,2.2,.500,.398,0.0,0.0,,0.2,2.7,2.9,0.3,0.1,0.1,0.4,2.2,3.9
Frank Mason,2019-20,PG,25,MIL,2,0,5.0,0.5,2.0,.250,0.5,1.0,.500,0.0,1.0,.000,.375,0.5,1.0,.500,0.0,0.0,0.0,1.0,0.0,0.0,0.0,0.5,2.0
Garrison Mathews,2019-20,SG,23,WAS,2,0,7.0,0.0,1.0,.000,0.0,1.0,.000,0.0,0.0,,.000,0.0,0.0,,0.0,0.5,0.5,1.0,0.0,0.0,0.5,1.5,0.0
Wesley Matthews,2019-20,SG,33,MIL,23,23,24.0,2.8,6.3,.445,1.7,4.3,.380,1.2,2.0,.587,.575,1.0,1.2,.852,0.2,2.2,2.3,1.4,0.5,0.1,0.8,1.2,8.3
Patrick McCaw,2019-20,SF,24,TOR,2,0,20.0,1.5,2.5,.600,0.5,1.5,.333,1.0,1.0,1.000,.700,0.5,1.0,.500,1.0,2.0,3.0,1.5,1.5,0.0,1.5,1.5,4.0
CJ McCollum,2019-20,SG,28,POR,24,24,36.4,8.8,19.8,.447,2.6,6.8,.387,6.2,13.0,.479,.514,1.7,2.1,.804,0.8,3.6,4.5,3.8,0.8,0.9,1.9,2.8,22.0
T.J. McConnell,2019-20,PG,27,IND,21,0,17.1,3.0,6.0,.492,0.0,0.2,.250,2.9,5.8,.500,.496,0.4,0.4,.889,0.4,2.2,2.7,5.0,0.5,0.1,1.5,1.3,6.3
Jalen McDaniels,2019-20,PF,22,CHO,1,0,3.0,1.0,2.0,.500,0.0,0.0,,1.0,2.0,.500,.500,0.0,0.0,,1.0,0.0,1.0,0.0,0.0,0.0,0.0,0.0,2.0
Doug McDermott,2019-20,PF,28,IND,23,0,20.3,3.4,7.6,.454,1.7,3.7,.453,1.7,3.8,.455,.566,0.6,0.7,.867,0.4,2.2,2.6,1.2,0.1,0.1,0.8,1.9,9.1
JaVale McGee,2019-20,C,32,LAL,24,24,16.5,3.3,5.3,.619,0.0,0.0,,3.3,5.3,.619,.619,0.7,1.1,.654,1.9,4.2,6.1,0.6,0.6,1.2,0.8,2.3,7.2
Rodney McGruder,2019-20,SG,28,LAC,15,2,17.3,1.5,4.0,.383,0.7,2.3,.314,0.8,1.7,.480,.475,0.2,0.5,.375,0.7,1.7,2.4,0.8,0.3,0.2,0.5,1.7,4.0
Alfonzo McKinnie,2019-20,SF,27,CLE,16,0,10.8,1.1,3.0,.354,0.5,1.5,.333,0.6,1.5,.375,.438,0.4,0.7,.636,0.6,1.6,2.2,0.2,0.3,0.2,0.5,1.3,3.1
Jordan McLaughlin,2019-20,PG,23,MIN,4,0,14.3,1.0,3.8,.267,0.3,2.0,.125,0.8,1.8,.429,.300,0.5,0.5,1.000,0.3,1.5,1.8,2.0,0.3,0.0,1.0,1.0,2.8
Ben McLemore,2019-20,SG,26,HOU,22,7,21.9,3.3,8.0,.409,2.4,6.7,.351,0.9,1.3,.714,.557,1.1,1.3,.862,0.4,2.0,2.4,0.9,0.7,0.2,0.9,2.0,10.0
Jordan McRae,2019-20,SG,28,WAS,13,0,18.1,3.3,7.0,.473,1.0,2.5,.394,2.3,4.5,.517,.544,1.3,1.5,.895,0.2,2.2,2.4,2.8,0.6,0.3,1.1,2.0,8.9
Nicolò Melli,2019-20,C,29,NOP,21,3,16.0,1.9,4.7,.408,1.0,3.2,.328,0.9,1.5,.581,.520,0.8,1.0,.773,0.7,2.1,2.8,1.1,0.7,0.2,0.8,1.9,5.7
De'Anthony Melton,2019-20,PG,21,MEM,11,0,14.0,1.9,4.8,.396,0.5,1.5,.313,1.5,3.4,.432,.443,1.2,1.4,.867,0.7,2.2,2.9,2.8,1.2,0.2,1.2,1.5,5.5
Chimezie Metu,2019-20,PF,22,SAS,6,0,3.5,1.2,2.0,.583,0.0,0.0,,1.2,2.0,.583,.583,0.3,0.7,.500,1.2,0.7,1.8,0.3,0.0,0.3,0.0,0.0,2.7
Khris Middleton,2019-20,SF,28,MIL,16,13,27.2,6.4,12.9,.493,2.0,5.0,.400,4.4,7.9,.551,.570,2.6,2.9,.894,0.8,4.8,5.6,3.3,0.8,0.1,1.7,2.4,17.4
C.J. Miles,2019-20,SG,32,WAS,10,0,16.1,1.9,5.9,.322,1.1,3.5,.314,0.8,2.4,.333,.415,1.5,2.0,.750,0.4,0.8,1.2,1.2,1.0,0.4,0.4,1.4,6.4
Malcolm Miller,2019-20,SF,26,TOR,8,1,6.0,0.8,1.4,.545,0.6,1.3,.500,0.1,0.1,1.000,.773,0.1,0.5,.250,0.0,0.6,0.6,0.5,0.0,0.1,0.3,0.6,2.3
Patty Mills,2019-20,PG,31,SAS,23,1,23.4,3.9,8.5,.459,2.0,4.9,.416,1.9,3.6,.518,.579,1.3,1.6,.784,0.2,1.2,1.4,2.3,0.9,0.2,1.0,1.5,11.1
Paul Millsap,2019-20,PF,34,DEN,21,21,25.6,4.4,9.3,.477,1.2,2.5,.481,3.2,6.8,.476,.541,3.0,3.4,.875,2.0,3.9,5.9,1.3,0.8,0.8,1.2,2.8,13.0
Shake Milton,2019-20,SG,23,PHI,9,0,9.1,1.3,3.9,.343,0.4,2.1,.211,0.9,1.8,.500,.400,0.8,1.0,.778,0.1,0.8,0.9,0.8,0.1,0.0,1.3,1.4,3.9
Donovan Mitchell,2019-20,SG,23,UTA,23,23,34.6,9.0,20.5,.439,2.3,6.1,.376,6.7,14.3,.467,.496,4.3,5.2,.832,0.9,3.8,4.7,3.6,1.3,0.3,2.3,2.3,24.6
Naz Mitrou-Long,2019-20,SG,26,IND,3,0,14.3,2.0,5.3,.375,0.7,3.7,.182,1.3,1.7,.800,.438,0.0,0.0,,0.0,2.0,2.0,2.3,0.3,0.3,0.7,0.3,4.7
Malik Monk,2019-20,SG,21,CHO,25,0,20.6,3.6,8.1,.441,1.0,3.8,.263,2.6,4.3,.598,.502,1.2,1.4,.833,0.3,2.3,2.6,2.2,0.4,0.2,1.4,1.7,9.3
E'Twaun Moore,2019-20,SG,30,NOP,16,3,20.4,3.7,8.8,.421,1.3,3.4,.382,2.4,5.3,.447,.496,0.9,1.4,.636,0.8,2.4,3.2,1.4,0.5,0.1,0.7,1.7,9.6
Ja Morant,2019-20,PG,20,MEM,17,17,28.7,6.9,15.2,.457,0.9,2.3,.410,6.0,12.9,.466,.488,3.8,5.0,.765,0.9,2.2,3.2,6.4,1.4,0.3,3.4,1.7,18.6
Juwan Morgan,2019-20,PF,22,UTA,2,0,2.5,0.0,0.0,,0.0,0.0,,0.0,0.0,,,0.0,0.0,,0.0,1.0,1.0,0.0,0.0,0.0,0.5,0.5,0.0
Marcus Morris,2019-20,SF,30,NYK,21,21,32.7,6.0,14.2,.425,2.9,5.7,.500,3.2,8.5,.374,.525,3.6,4.3,.844,1.1,4.7,5.8,1.3,0.9,0.6,1.8,3.1,18.6
Markieff Morris,2019-20,PF,30,DET,22,12,22.2,3.9,8.1,.475,1.5,3.8,.410,2.3,4.4,.531,.570,1.1,1.5,.750,0.5,3.2,3.7,1.6,0.6,0.2,1.6,2.4,10.4
Monte Morris,2019-20,PG,24,DEN,21,0,17.2,2.8,6.5,.431,0.5,1.3,.393,2.3,5.2,.440,.471,1.0,1.4,.733,0.2,1.5,1.7,3.4,0.5,0.2,0.7,0.9,7.2
Johnathan Motley,2019-20,PF,24,LAC,2,0,2.0,0.5,1.5,.333,0.5,0.5,1.000,0.0,1.0,.000,.500,0.0,0.0,,0.5,0.5,1.0,1.0,0.0,0.0,1.0,0.5,1.5
Emmanuel Mudiay,2019-20,PG,23,UTA,20,0,15.6,3.0,6.2,.476,0.5,1.5,.300,2.5,4.7,.532,.512,1.0,1.3,.800,0.3,2.2,2.5,2.5,0.3,0.2,1.8,1.6,7.4
Dejounte Murray,2019-20,PG,23,SAS,20,13,22.6,3.8,8.4,.452,0.3,1.3,.192,3.6,7.1,.500,.467,1.9,2.4,.787,1.3,4.8,6.1,4.1,1.6,0.3,2.3,2.3,9.7
Jamal Murray,2019-20,PG,22,DEN,21,21,32.8,6.9,15.8,.437,1.7,5.0,.340,5.2,10.8,.482,.491,2.7,3.0,.903,0.8,3.5,4.3,4.8,1.5,0.4,2.3,1.8,18.2
Džanan Musa,2019-20,SF,20,BRK,18,0,15.4,1.6,5.0,.322,0.4,2.4,.182,1.2,2.6,.457,.367,1.2,1.6,.759,0.4,2.2,2.6,1.3,0.4,0.1,1.2,0.9,4.9
Mike Muscala,2019-20,C,28,OKC,14,0,10.8,1.1,3.8,.302,0.8,2.9,.275,0.4,0.9,.385,.406,0.5,0.6,.875,0.4,1.9,2.4,1.0,0.2,0.2,0.4,1.4,3.6
Sviatoslav Mykhailiuk,2019-20,SF,22,DET,18,1,16.9,1.9,4.6,.415,1.5,3.3,.450,0.4,1.2,.318,.579,0.3,0.3,.833,0.2,1.0,1.2,1.3,0.3,0.1,0.9,1.2,5.6
Abdel Nader,2019-20,SF,26,OKC,15,2,15.7,2.3,4.7,.479,0.9,2.3,.400,1.3,2.4,.556,.577,1.3,1.6,.833,0.3,1.5,1.8,0.5,0.2,0.3,1.1,1.3,6.8
Larry Nance,2019-20,C,27,CLE,20,4,26.3,3.9,7.7,.506,1.2,3.3,.369,2.7,4.5,.607,.584,1.1,1.6,.710,2.0,5.4,7.4,1.5,1.0,0.5,1.1,1.8,10.1
Shabazz Napier,2019-20,PG,28,MIN,10,0,18.2,2.4,6.5,.369,1.0,4.1,.244,1.4,2.4,.583,.446,2.1,2.4,.875,0.1,2.1,2.2,3.4,1.1,0.3,1.5,0.9,7.9
Raul Neto,2019-20,PG,27,PHI,21,2,12.3,1.9,3.7,.506,0.7,1.3,.500,1.2,2.3,.510,.597,0.1,0.2,.750,0.1,1.0,1.1,1.6,0.4,0.1,0.9,0.6,4.5
Georges Niang,2019-20,PF,26,UTA,17,0,11.1,1.5,3.2,.463,0.8,1.9,.394,0.7,1.2,.571,.583,0.4,0.6,.700,0.1,1.6,1.6,0.5,0.0,0.1,0.6,1.5,4.1
Nerlens Noel,2019-20,C,25,OKC,21,3,18.6,3.0,4.7,.653,0.0,0.0,,3.0,4.7,.653,.653,1.6,2.0,.791,1.5,3.5,5.0,1.4,1.0,1.6,1.1,2.8,7.7
Zach Norvell,2019-20,SG,22,LAL,2,0,2.5,0.0,0.5,.000,0.0,0.0,,0.0,0.5,.000,.000,0.0,0.0,,0.0,0.5,0.5,0.0,0.0,0.0,0.0,0.0,0.0
Jaylen Nowell,2019-20,SG,20,MIN,2,0,7.5,0.5,2.0,.250,0.0,1.5,.000,0.5,0.5,1.000,.250,0.5,0.5,1.000,0.0,0.5,0.5,1.5,0.0,0.0,0.5,0.5,1.5
Frank Ntilikina,2019-20,PG,21,NYK,21,17,25.6,2.4,6.3,.383,0.9,2.6,.352,1.5,3.8,.405,.455,0.6,0.8,.765,0.4,1.8,2.1,3.4,1.3,0.5,1.1,2.6,6.4
Kendrick Nunn,2019-20,SG,24,MIA,23,23,30.0,6.1,13.7,.444,2.0,5.9,.348,4.0,7.8,.517,.519,1.1,1.4,.788,0.3,2.2,2.5,3.4,1.0,0.3,2.1,2.6,15.3
David Nwaba,2019-20,SF,27,BRK,15,0,12.3,1.6,2.9,.558,0.5,1.1,.438,1.1,1.8,.630,.640,0.6,1.1,.563,0.5,1.6,2.1,0.3,0.3,0.6,0.4,1.5,4.3
Royce O'Neale,2019-20,PF,26,UTA,23,21,28.4,2.1,4.3,.495,1.3,2.7,.468,0.9,1.6,.541,.641,0.5,0.6,.857,0.1,4.6,4.7,2.6,0.8,0.3,0.9,3.0,6.0
Kyle O'Quinn,2019-20,C,29,PHI,14,0,10.5,1.6,3.1,.535,0.4,0.9,.385,1.3,2.1,.600,.593,0.1,0.4,.333,1.1,2.7,3.9,1.4,0.1,0.8,1.1,1.6,3.8
Semi Ojeleye,2019-20,PF,25,BOS,21,1,14.4,1.0,2.4,.412,0.5,1.5,.355,0.5,1.0,.500,.520,0.3,0.5,.700,0.3,1.6,1.9,0.4,0.3,0.0,0.2,1.1,2.9
Jahlil Okafor,2019-20,C,24,NOP,14,6,18.0,3.7,5.9,.627,0.1,0.1,.500,3.6,5.8,.630,.633,1.7,2.6,.667,1.6,2.9,4.6,1.4,0.4,1.0,1.7,2.9,9.2
Elie Okobo,2019-20,PG,22,PHO,15,0,10.0,1.4,3.5,.404,0.7,1.7,.400,0.7,1.8,.407,.500,0.7,1.3,.579,0.1,0.9,1.0,2.5,0.3,0.0,0.3,0.5,4.2
Josh Okogie,2019-20,SG,21,MIN,20,5,24.8,2.8,6.3,.444,0.8,2.5,.320,2.0,3.8,.526,.508,2.7,3.4,.779,1.5,3.7,5.2,1.7,1.0,0.4,1.6,2.3,9.1
KZ Okpala,2019-20,SF,20,MIA,2,0,1.5,0.0,0.0,,0.0,0.0,,0.0,0.0,,,0.0,0.0,,0.0,0.5,0.5,0.0,0.0,0.0,0.5,0.0,0.0
Kelly Olynyk,2019-20,C,28,MIA,23,0,23.4,3.0,6.6,.464,1.7,3.9,.427,1.4,2.7,.516,.589,1.3,1.4,.879,1.0,4.0,4.9,1.3,1.0,0.4,1.4,2.7,9.0
Miye Oni,2019-20,SG,22,UTA,3,0,2.7,0.0,0.0,,0.0,0.0,,0.0,0.0,,,0.0,0.0,,0.0,0.3,0.3,0.0,0.0,0.0,0.3,0.0,0.0
Cedi Osman,2019-20,SF,24,CLE,22,22,29.5,3.5,8.3,.429,1.6,4.3,.368,2.0,4.0,.494,.525,0.9,1.4,.667,0.4,3.1,3.5,2.1,1.1,0.3,1.3,2.3,9.6
Kelly Oubre,2019-20,SF,24,PHO,22,22,32.1,6.0,13.7,.442,1.5,4.6,.327,4.5,9.1,.500,.497,3.6,4.7,.769,1.4,4.6,6.0,1.5,1.4,0.7,1.6,3.3,17.2
Jabari Parker,2019-20,PF,24,ATL,23,18,28.0,6.7,13.3,.502,1.0,3.8,.276,5.6,9.5,.592,.541,1.8,2.5,.724,1.8,4.5,6.3,1.9,1.5,0.5,2.0,3.2,16.2
Chandler Parsons,2019-20,SF,31,ATL,3,0,11.7,1.3,4.0,.333,1.0,3.3,.300,0.3,0.7,.500,.458,0.0,0.0,,0.3,1.0,1.3,0.7,1.3,0.0,0.3,1.0,3.7
Eric Paschall,2019-20,PF,23,GSW,23,17,31.9,6.3,12.4,.507,0.7,2.4,.304,5.6,10.0,.557,.537,3.7,4.6,.811,1.5,3.9,5.3,1.8,0.4,0.3,1.7,2.0,17.1
Patrick Patterson,2019-20,PF,30,LAC,21,11,14.0,1.7,4.2,.398,1.4,3.3,.420,0.3,0.9,.316,.563,0.3,0.5,.600,0.7,2.2,2.9,0.8,0.1,0.1,0.3,0.9,5.0
Justin Patton,2019-20,C,22,OKC,2,0,4.5,0.5,1.5,.333,0.0,0.5,.000,0.5,1.0,.500,.333,0.0,0.0,,0.0,1.0,1.0,0.0,0.0,0.0,0.5,2.0,1.0
Chris Paul,2019-20,PG,34,OKC,22,22,31.0,5.2,11.5,.452,1.6,4.3,.372,3.6,7.2,.500,.522,4.0,4.5,.890,0.3,3.9,4.1,5.8,1.6,0.1,1.7,2.4,16.0
Elfrid Payton,2019-20,PG,25,NYK,6,3,21.7,2.7,6.8,.390,1.0,1.7,.600,1.7,5.2,.323,.463,1.2,1.3,.875,0.8,2.0,2.8,4.0,2.2,0.2,2.0,1.7,7.5
Norvel Pelle,2019-20,SF,26,PHI,2,0,12.5,1.0,1.5,.667,0.0,0.0,,1.0,1.5,.667,.667,2.0,3.0,.667,1.0,4.0,5.0,1.0,0.0,2.0,1.0,2.0,4.0
Theo Pinson,2019-20,SG,24,BRK,14,0,14.9,1.7,6.4,.270,0.6,3.0,.190,1.1,3.4,.340,.315,0.8,0.9,.917,0.5,1.7,2.2,2.3,0.6,0.0,1.4,1.5,4.8
Mason Plumlee,2019-20,C,29,DEN,21,0,16.7,2.8,4.8,.590,0.0,0.2,.000,2.8,4.6,.615,.590,1.3,2.4,.529,1.8,4.0,5.8,2.3,0.7,0.8,1.5,2.6,6.9
Vincent Poirier,2019-20,C,26,BOS,8,0,4.4,0.6,1.3,.500,0.0,0.0,,0.6,1.3,.500,.500,0.1,0.3,.500,0.8,0.5,1.3,0.4,0.1,0.3,0.4,1.0,1.4
Jakob Pöltl,2019-20,C,24,SAS,23,7,18.9,2.6,4.4,.594,0.0,0.0,,2.6,4.4,.594,.594,0.8,1.5,.559,2.3,3.7,6.0,1.5,0.6,1.3,0.9,1.8,6.0
Shamorie Ponds,2019-20,PG,21,TOR,2,0,4.0,1.0,2.0,.500,0.0,0.5,.000,1.0,1.5,.667,.500,0.0,0.0,,0.0,0.5,0.5,1.0,0.0,0.5,0.0,1.0,2.0
Jordan Poole,2019-20,SG,20,GSW,24,9,24.0,2.5,9.5,.258,1.2,4.9,.246,1.3,4.6,.270,.321,1.8,2.0,.857,0.2,2.1,2.3,2.0,0.6,0.3,1.2,1.8,7.9
Kevin Porter,2019-20,SF,19,CLE,21,1,20.8,2.6,6.4,.407,0.6,2.3,.265,2.0,4.1,.488,.456,1.0,1.3,.778,0.4,2.9,3.3,1.9,0.8,0.2,1.5,2.5,6.9
Michael Porter,2019-20,PF,21,DEN,12,0,8.6,1.8,3.8,.467,0.4,1.3,.333,1.3,2.5,.533,.522,0.4,0.7,.625,0.8,1.6,2.4,0.4,0.0,0.3,0.7,1.2,4.3
Otto Porter,2019-20,SF,26,CHI,9,9,25.1,3.9,9.3,.417,1.8,4.4,.400,2.1,4.9,.432,.512,1.7,2.2,.750,0.9,2.6,3.4,1.6,1.0,0.3,0.8,2.2,11.2
Bobby Portis,2019-20,C,24,NYK,23,2,21.8,3.4,8.6,.399,1.0,2.8,.354,2.4,5.8,.421,.457,0.8,1.1,.720,1.6,4.2,5.7,1.1,0.7,0.3,0.9,1.7,8.7
Kristaps Porziņģis,2019-20,PF,24,DAL,22,22,30.2,5.9,14.7,.398,2.0,5.9,.338,3.9,8.8,.438,.466,2.7,3.8,.702,1.7,7.0,8.7,1.4,0.5,2.0,1.6,2.9,16.4
Dwight Powell,2019-20,C,28,DAL,20,17,25.3,3.4,4.9,.684,0.3,0.7,.462,3.1,4.3,.718,.714,1.2,2.1,.561,1.6,3.1,4.7,1.3,0.8,0.4,1.0,2.6,8.2
Norman Powell,2019-20,SG,26,TOR,22,11,28.0,4.7,10.0,.468,1.7,4.7,.369,3.0,5.3,.556,.555,2.0,2.5,.833,0.5,3.4,3.9,1.5,1.0,0.4,1.5,1.8,13.1
Julius Randle,2019-20,PF,25,NYK,23,23,32.1,6.1,14.0,.436,0.8,3.5,.238,5.3,10.5,.502,.466,3.7,5.7,.662,2.4,6.2,8.6,3.4,0.7,0.1,3.2,2.8,16.7
Cam Reddish,2019-20,SF,20,ATL,20,17,24.8,2.8,8.8,.318,1.0,3.8,.250,1.9,5.0,.370,.372,1.4,1.9,.757,0.7,3.0,3.7,1.6,1.0,0.4,1.8,1.8,8.0
J.J. Redick,2019-20,SG,35,NOP,22,18,28.7,4.8,10.8,.443,3.4,7.2,.465,1.4,3.5,.397,.599,2.6,3.0,.866,0.2,3.0,3.2,2.0,0.5,0.2,1.3,1.7,15.5
Naz Reid,2019-20,C,20,MIN,1,0,3.0,1.0,2.0,.500,1.0,2.0,.500,0.0,0.0,,.750,0.0,0.0,,0.0,0.0,0.0,0.0,0.0,0.0,0.0,0.0,3.0
Josh Richardson,2019-20,SG,26,PHI,16,16,32.0,5.8,12.8,.456,2.0,5.2,.386,3.8,7.6,.504,.534,2.5,3.1,.800,0.6,2.8,3.4,3.6,1.1,0.6,2.3,2.9,16.1
Austin Rivers,2019-20,SG,27,HOU,22,1,24.9,3.0,7.4,.414,1.4,4.3,.326,1.6,3.0,.537,.509,0.9,1.3,.714,0.8,2.0,2.7,1.5,0.5,0.2,0.7,2.0,8.4
Duncan Robinson,2019-20,SF,25,MIA,23,18,26.0,3.7,8.0,.459,2.8,6.7,.425,0.9,1.4,.625,.635,0.7,0.7,.938,0.1,2.8,3.0,0.7,0.8,0.3,0.7,2.7,10.9
Glenn Robinson,2019-20,SF,26,GSW,24,24,32.1,4.7,10.3,.459,1.3,3.2,.390,3.5,7.0,.491,.520,1.1,1.3,.844,1.5,3.1,4.6,1.8,0.9,0.3,0.9,1.6,11.8
Jerome Robinson,2019-20,SG,22,LAC,19,0,12.8,1.5,4.5,.329,0.6,2.1,.282,0.9,2.4,.370,.394,0.3,0.5,.500,0.1,1.5,1.6,1.0,0.4,0.4,0.7,1.4,3.8
Justin Robinson,2019-20,PG,22,WAS,5,0,2.8,0.4,1.0,.400,0.2,0.2,1.000,0.2,0.8,.250,.500,0.0,0.0,,0.2,0.4,0.6,0.4,0.0,0.0,0.4,0.0,1.0
Mitchell Robinson,2019-20,C,21,NYK,19,6,21.2,3.6,5.3,.683,0.0,0.0,,3.6,5.3,.683,.683,1.9,3.1,.627,2.9,3.8,6.7,0.6,0.7,1.9,0.8,3.4,9.2
Rajon Rondo,2019-20,PG,33,LAL,13,0,20.9,3.2,7.0,.462,1.5,2.8,.528,1.8,4.2,.418,.566,0.6,0.8,.727,0.3,3.2,3.5,5.8,1.1,0.1,1.8,1.0,8.5
Derrick Rose,2019-20,PG,31,DET,18,1,23.5,6.3,12.9,.485,0.7,2.2,.325,5.6,10.7,.518,.513,2.5,2.9,.865,0.4,1.6,2.0,5.7,0.8,0.4,2.5,1.1,15.8
Terrence Ross,2019-20,SG,28,ORL,20,0,24.1,4.6,11.1,.410,2.0,6.3,.312,2.6,4.9,.536,.498,2.0,2.3,.867,0.3,2.6,2.9,1.0,1.0,0.3,1.2,1.8,13.0
Terry Rozier,2019-20,PG,25,CHO,25,25,32.7,6.2,14.3,.434,2.8,6.7,.413,3.4,7.6,.453,.531,2.4,2.7,.868,0.8,3.6,4.4,4.2,1.2,0.2,2.8,2.2,17.5
Ricky Rubio,2019-20,PG,29,PHO,17,17,31.5,4.4,11.5,.385,1.1,3.6,.290,3.4,7.8,.429,.431,2.6,3.2,.815,0.6,4.2,4.8,8.9,1.4,0.2,1.9,2.7,12.5
D'Angelo Russell,2019-20,SG,23,GSW,12,12,30.7,7.8,17.4,.450,2.8,7.9,.347,5.1,9.5,.535,.529,3.9,5.2,.758,0.3,3.5,3.8,6.2,0.7,0.4,3.3,1.8,22.3
Domantas Sabonis,2019-20,C,23,IND,21,21,34.4,7.3,14.0,.519,0.2,1.1,.208,7.0,12.9,.546,.527,3.6,4.6,.781,3.6,9.5,13.1,3.7,0.8,0.6,2.9,3.8,18.4
JaKarr Sampson,2019-20,SF,26,IND,9,7,18.4,2.6,4.6,.561,0.2,1.1,.200,2.3,3.4,.677,.585,0.2,0.8,.286,0.8,1.9,2.7,0.4,0.6,0.7,0.7,2.6,5.6
Dario Šarić,2019-20,PF,25,PHO,22,22,28.0,3.9,9.2,.424,1.6,4.7,.346,2.3,4.5,.505,.512,1.4,1.6,.861,1.9,5.3,7.2,2.1,0.9,0.5,1.4,2.6,10.9
Tomáš Satoranský,2019-20,PG,28,CHI,24,24,26.9,3.4,7.7,.438,1.1,2.9,.391,2.3,4.8,.466,.511,1.5,1.8,.881,0.8,2.5,3.3,5.2,1.5,0.1,2.1,2.1,9.4
Admiral Schofield,2019-20,SF,22,WAS,9,0,8.4,0.8,1.3,.583,0.4,1.0,.444,0.3,0.3,1.000,.750,0.4,0.4,1.000,0.2,1.0,1.2,0.1,0.0,0.0,0.3,0.8,2.4
Dennis Schröder,2019-20,PG,26,OKC,22,0,29.2,6.3,13.9,.454,1.5,4.5,.320,4.9,9.4,.519,.507,2.2,2.7,.800,0.4,3.4,3.8,3.6,0.7,0.3,2.7,2.3,16.3
Mike Scott,2019-20,PF,31,PHI,24,1,18.8,2.3,5.2,.432,1.1,3.3,.346,1.1,2.0,.574,.540,0.5,0.6,.800,0.8,2.6,3.4,0.8,0.3,0.1,0.4,1.6,6.1
Thabo Sefolosha,2019-20,PF,35,HOU,19,0,10.6,0.8,2.4,.348,0.4,1.5,.286,0.4,0.9,.444,.435,0.0,0.1,.000,0.6,1.8,2.4,0.8,0.5,0.2,0.3,1.0,2.1
Collin Sexton,2019-20,SG,21,CLE,22,22,30.4,6.8,15.5,.436,1.1,3.5,.321,5.6,12.0,.470,.472,3.0,3.8,.807,0.9,2.2,3.1,2.4,0.9,0.0,1.9,2.0,17.7
Landry Shamet,2019-20,SG,22,LAC,10,10,29.4,3.0,7.7,.390,2.1,5.8,.362,0.9,1.9,.474,.526,1.0,1.0,1.000,0.0,1.5,1.5,1.7,0.4,0.1,1.2,3.1,9.1
Iman Shumpert,2019-20,SG,29,BRK,12,0,18.8,1.7,4.9,.339,0.6,2.6,.226,1.1,2.3,.464,.398,0.3,0.4,.600,0.8,1.9,2.7,1.0,1.0,0.2,0.8,1.7,4.2
Pascal Siakam,2019-20,PF,25,TOR,22,22,36.8,9.3,20.1,.460,2.3,6.2,.365,7.0,13.9,.503,.517,3.8,4.7,.816,1.6,6.9,8.5,3.7,0.9,0.7,2.8,2.8,24.6
Chris Silva,2019-20,PF,23,MIA,21,0,9.9,1.4,2.1,.659,0.0,0.1,.000,1.4,2.0,.690,.659,1.1,1.6,.706,1.9,2.1,4.0,0.6,0.2,0.7,1.2,2.7,3.9
Ben Simmons,2019-20,PG,23,PHI,22,22,34.2,6.0,10.4,.572,0.1,0.2,.500,5.9,10.2,.573,.576,2.3,3.9,.588,1.5,5.3,6.9,8.5,2.3,0.5,3.8,3.3,14.3
Anfernee Simons,2019-20,SG,20,POR,24,1,21.4,3.7,8.8,.420,1.4,4.2,.340,2.3,4.7,.491,.500,1.2,1.6,.744,0.3,1.6,1.9,1.5,0.5,0.1,1.0,2.0,10.0
Marcus Smart,2019-20,SG,25,BOS,20,15,31.8,4.1,10.6,.387,2.1,6.3,.333,2.0,4.3,.465,.486,1.5,1.7,.879,1.0,2.4,3.4,4.6,1.3,0.5,1.3,2.3,11.8
Dennis Smith,2019-20,PG,22,NYK,16,1,17.4,2.0,6.3,.320,0.6,1.9,.290,1.4,4.3,.333,.365,0.9,1.6,.560,0.7,1.1,1.8,2.9,0.4,0.3,1.6,2.3,5.4
Ish Smith,2019-20,PG,31,WAS,22,8,24.7,3.8,8.5,.449,0.9,2.5,.370,2.9,6.0,.481,.503,0.5,0.8,.667,0.5,2.5,3.0,4.3,0.7,0.3,1.2,1.7,9.1
Tony Snell,2019-20,SF,28,DET,19,17,25.5,2.8,6.1,.470,1.9,4.2,.450,0.9,1.8,.514,.626,0.2,0.2,1.000,0.3,1.5,1.7,1.5,0.4,0.1,0.5,1.9,7.8
Omari Spellman,2019-20,PF,22,GSW,23,0,18.3,2.8,6.4,.432,0.7,2.1,.354,2.0,4.3,.470,.490,1.5,1.8,.829,2.3,3.3,5.6,1.0,0.7,0.7,1.4,1.2,7.8
Max Strus,2019-20,SG,23,CHI,2,0,3.0,1.0,1.5,.667,0.0,0.5,.000,1.0,1.0,1.000,.667,0.5,0.5,1.000,0.5,0.0,0.5,0.0,0.0,0.0,0.0,0.5,2.5
Edmond Sumner,2019-20,PG,24,IND,3,2,22.3,3.0,6.0,.500,0.0,1.0,.000,3.0,5.0,.600,.500,1.0,1.7,.600,0.3,0.7,1.0,2.0,1.7,0.3,0.3,3.0,7.0
Caleb Swanigan,2019-20,PF,22,SAC,4,0,2.8,0.3,0.5,.500,0.0,0.0,,0.3,0.5,.500,.500,0.3,0.5,.500,0.3,0.8,1.0,0.0,0.3,0.5,0.8,0.8,0.8
Jayson Tatum,2019-20,PF,21,BOS,21,21,34.3,7.7,18.6,.412,2.4,6.8,.357,5.2,11.8,.444,.477,3.4,4.1,.828,1.3,5.7,7.0,2.9,1.4,0.7,2.1,2.3,21.2
Jeff Teague,2019-20,PG,31,MIN,18,12,29.3,4.1,9.3,.435,0.9,2.6,.340,3.2,6.7,.471,.482,3.9,4.6,.866,0.5,2.2,2.7,7.1,0.9,0.3,2.3,2.1,12.9
Garrett Temple,2019-20,SG,33,BRK,23,14,27.7,3.6,8.7,.415,2.2,6.1,.362,1.4,2.6,.542,.543,0.8,1.1,.760,0.5,2.7,3.2,2.3,1.0,0.6,1.1,2.0,10.3
Daniel Theis,2019-20,C,27,BOS,18,17,21.5,2.6,5.2,.500,0.2,0.8,.200,2.4,4.4,.557,.516,1.2,1.7,.677,1.6,5.1,6.7,1.3,0.5,1.6,0.8,3.1,6.6
Isaiah Thomas,2019-20,PG,30,WAS,17,14,24.9,4.8,10.8,.446,2.0,4.9,.410,2.8,5.9,.475,.538,0.9,1.2,.800,0.2,1.6,1.8,5.1,0.5,0.2,2.2,2.2,12.6
Khyri Thomas,2019-20,SG,23,DET,2,0,3.0,0.0,0.0,,0.0,0.0,,0.0,0.0,,,0.5,1.0,.500,0.0,0.0,0.0,0.0,0.0,0.0,0.0,0.0,0.5
Matt Thomas,2019-20,SG,25,TOR,12,0,11.3,1.7,3.1,.541,1.2,2.2,.538,0.5,0.9,.545,.730,0.3,0.4,.600,0.1,1.0,1.1,0.3,0.3,0.0,0.3,1.0,4.8
Tristan Thompson,2019-20,C,28,CLE,21,21,31.0,5.8,11.3,.511,0.1,0.3,.429,5.6,11.0,.513,.517,2.0,3.2,.612,4.0,6.1,10.0,2.4,0.9,1.2,1.5,2.6,13.6
Matisse Thybulle,2019-20,SG,22,PHI,23,3,16.7,1.6,3.7,.429,1.0,2.2,.440,0.6,1.5,.412,.560,0.7,0.9,.750,0.2,0.8,1.0,1.3,1.5,0.7,1.0,2.3,4.7
Anthony Tolliver,2019-20,PF,34,POR,17,7,16.5,1.0,3.4,.293,0.8,2.7,.283,0.2,0.7,.333,.405,0.5,0.6,.818,0.6,2.5,3.1,0.6,0.2,0.4,0.6,1.4,3.3
Karl-Anthony Towns,2019-20,C,24,MIN,20,20,33.7,8.9,17.4,.509,3.7,8.7,.422,5.2,8.8,.594,.614,4.5,5.6,.802,2.5,9.1,11.6,4.7,1.1,1.4,3.0,3.4,25.8
Gary Trent,2019-20,SG,21,POR,11,1,8.5,1.4,3.0,.455,1.0,2.1,.478,0.4,0.9,.400,.621,0.0,0.0,,0.3,0.8,1.1,0.5,0.2,0.2,0.2,0.6,3.7
Allonzo Trier,2019-20,PG,24,NYK,11,1,12.9,2.2,4.2,.522,1.1,2.5,.444,1.1,1.7,.632,.652,2.1,2.5,.821,0.1,1.5,1.5,1.3,0.2,0.3,1.5,2.0,7.5
P.J. Tucker,2019-20,PF,34,HOU,22,22,35.8,3.5,6.9,.517,2.0,4.4,.443,1.6,2.5,.648,.659,0.7,0.9,.800,1.5,5.1,6.6,1.5,1.4,0.5,1.0,3.4,9.8
Evan Turner,2019-20,PG,31,ATL,14,0,13.9,1.6,4.1,.397,0.0,0.3,.000,1.6,3.9,.426,.397,0.9,1.0,.857,0.5,1.6,2.1,2.3,0.6,0.6,1.4,1.1,4.1
Myles Turner,2019-20,C,23,IND,15,15,31.1,4.1,9.4,.433,1.5,4.0,.367,2.6,5.4,.481,.511,1.7,2.3,.735,1.5,4.2,5.7,1.1,0.7,2.5,1.6,2.5,11.3
Jonas Valančiūnas,2019-20,C,27,MEM,20,20,24.7,6.0,10.4,.577,0.5,1.5,.333,5.5,8.9,.618,.601,1.8,2.3,.800,2.7,7.2,9.8,1.9,0.4,0.9,2.3,2.8,14.3
Denzel Valentine,2019-20,SF,26,CHI,10,0,9.8,2.2,4.7,.468,1.5,3.1,.484,0.7,1.6,.438,.628,0.0,0.0,,0.2,1.7,1.9,0.9,0.4,0.2,0.2,1.1,5.9
Jarred Vanderbilt,2019-20,SF,20,DEN,3,0,3.0,0.0,0.0,,0.0,0.0,,0.0,0.0,,,0.0,0.0,,0.0,0.7,0.7,0.3,0.0,0.0,0.3,0.0,0.0
Fred VanVleet,2019-20,PG,25,TOR,22,22,36.6,5.7,14.0,.409,2.6,6.7,.395,3.1,7.3,.422,.503,3.9,4.4,.876,0.2,3.6,3.8,7.0,2.0,0.1,2.4,2.3,18.0
Noah Vonleh,2019-20,C,24,MIN,15,1,12.0,1.3,2.9,.465,0.1,0.7,.100,1.3,2.2,.576,.477,1.1,1.3,.842,1.1,2.4,3.5,1.1,0.3,0.2,0.9,1.3,3.8
Nikola Vučević,2019-20,C,29,ORL,14,14,30.8,6.8,15.1,.450,1.1,3.6,.320,5.6,11.5,.491,.488,2.4,2.8,.846,2.9,8.6,11.6,3.5,0.6,1.1,1.4,1.9,17.1
Dean Wade,2019-20,PF,23,CLE,3,0,6.0,0.3,0.7,.500,0.3,0.3,1.000,0.0,0.3,.000,.750,0.0,0.0,,0.0,0.7,0.7,0.0,0.3,0.0,0.0,1.0,1.0
Moritz Wagner,2019-20,C,22,WAS,20,3,20.2,4.5,7.7,.588,1.1,2.7,.407,3.4,5.0,.687,.660,1.7,2.0,.825,1.6,4.5,6.1,1.3,0.8,0.6,2.2,3.9,11.8
Kemba Walker,2019-20,PG,29,BOS,20,20,32.1,7.1,17.2,.413,3.5,8.9,.395,3.6,8.4,.431,.515,4.1,4.5,.911,1.1,3.5,4.6,5.0,1.0,0.6,2.2,1.8,21.8
Lonnie Walker,2019-20,SG,21,SAS,16,0,8.0,1.7,3.9,.435,0.4,1.0,.375,1.3,2.9,.457,.484,0.3,0.8,.385,0.4,0.9,1.3,0.5,0.3,0.1,0.4,0.7,4.1
Tyrone Wallace,2019-20,SG,25,ATL,14,0,11.4,1.0,3.1,.318,0.1,1.1,.067,0.9,2.1,.448,.330,0.8,1.2,.647,0.2,1.4,1.6,0.9,0.5,0.1,0.7,1.4,2.9
Taurean Waller-Prince,2019-20,SF,25,BRK,23,23,30.5,4.8,11.8,.408,2.7,6.9,.399,2.1,5.0,.421,.524,1.0,1.3,.742,0.8,5.3,6.2,2.2,0.9,0.4,2.1,2.7,13.4
Derrick Walton,2019-20,PG,24,LAC,8,0,5.6,0.6,1.3,.500,0.3,0.8,.333,0.4,0.5,.750,.600,0.4,0.4,1.000,0.3,0.0,0.3,0.6,0.1,0.0,0.1,0.6,1.9
Brad Wanamaker,2019-20,PG,30,BOS,21,0,17.6,2.4,5.0,.486,0.5,1.4,.379,1.9,3.6,.526,.538,2.1,2.3,.898,0.4,1.6,2.0,2.9,0.8,0.2,1.1,1.7,7.5
T.J. Warren,2019-20,SF,26,IND,23,23,33.2,7.6,14.8,.515,1.3,3.2,.405,6.3,11.6,.545,.559,2.2,2.7,.820,0.7,2.6,3.3,1.0,1.1,0.3,1.3,2.7,18.7
PJ Washington,2019-20,PF,21,CHO,25,25,28.3,4.5,9.1,.491,1.4,3.2,.425,3.1,5.9,.527,.566,1.8,2.5,.698,0.9,4.2,5.1,1.8,1.1,0.8,1.2,2.7,12.1
Yuta Watanabe,2019-20,SG,25,MEM,3,0,3.7,1.0,1.7,.600,0.3,0.3,1.000,0.7,1.3,.500,.700,0.0,0.0,,0.0,0.7,0.7,0.0,0.0,0.3,0.0,0.3,2.3
Tremont Waters,2019-20,PG,22,BOS,1,0,20.0,2.0,7.0,.286,1.0,5.0,.200,1.0,2.0,.500,.357,2.0,2.0,1.000,0.0,2.0,2.0,3.0,1.0,2.0,2.0,2.0,7.0
Russell Westbrook,2019-20,PG,31,HOU,20,20,34.4,8.1,20.0,.406,1.2,5.3,.219,7.0,14.7,.473,.435,4.5,6.1,.738,1.7,6.7,8.4,7.5,1.6,0.4,4.5,3.9,21.9
Coby White,2019-20,SG,19,CHI,24,0,25.1,4.5,12.2,.366,2.1,6.0,.354,2.3,6.2,.378,.454,1.4,1.8,.786,0.3,3.3,3.5,2.3,0.7,0.0,1.4,1.4,12.4
Derrick White,2019-20,SG,25,SAS,21,9,23.9,3.4,7.5,.452,1.0,2.4,.392,2.4,5.0,.481,.516,2.0,2.5,.788,0.5,1.8,2.3,2.9,0.4,0.7,1.2,2.4,9.7
Hassan Whiteside,2019-20,C,30,POR,21,21,28.2,6.3,10.3,.608,0.0,0.0,,6.3,10.3,.608,.608,2.8,3.7,.753,3.7,8.7,12.4,1.3,0.5,2.2,2.0,3.0,15.3
Andrew Wiggins,2019-20,SF,24,MIN,18,18,34.4,9.2,20.3,.454,2.2,6.6,.339,7.0,13.8,.508,.508,3.9,5.4,.714,1.2,4.0,5.2,3.3,0.6,1.2,2.0,2.4,24.6
Grant Williams,2019-20,PF,21,BOS,20,1,14.4,0.7,2.9,.246,0.0,1.3,.000,0.7,1.6,.438,.246,0.7,0.9,.824,0.7,1.5,2.2,0.9,0.4,0.6,0.8,1.9,2.1
Kenrich Williams,2019-20,PF,25,NOP,21,11,24.9,2.0,4.8,.426,1.0,3.0,.333,1.0,1.8,.579,.530,0.4,1.0,.409,1.6,4.2,5.8,1.7,0.9,0.8,0.8,2.6,5.5
Lou Williams,2019-20,SG,33,LAC,24,3,30.9,6.7,15.9,.421,1.8,4.9,.359,5.0,11.0,.449,.476,5.4,6.4,.850,0.5,2.7,3.2,6.2,0.5,0.1,3.2,1.5,20.6
Marvin Williams,2019-20,PF,33,CHO,24,0,20.3,2.6,5.3,.496,1.3,3.1,.400,1.4,2.2,.635,.614,1.1,1.3,.900,0.4,2.4,2.8,1.0,0.7,0.4,0.7,1.7,7.6
Robert Williams,2019-20,C,22,BOS,19,1,14.2,1.7,2.6,.673,0.0,0.0,,1.7,2.6,.673,.673,0.4,0.7,.571,1.2,3.4,4.6,1.1,0.9,1.1,0.8,1.8,3.9
Nigel Williams-Goss,2019-20,PG,25,UTA,6,0,3.2,0.0,0.8,.000,0.0,0.2,.000,0.0,0.7,.000,.000,0.3,0.3,1.000,0.2,0.2,0.3,0.3,0.0,0.2,0.2,0.2,0.3
D.J. Wilson,2019-20,PF,23,MIL,11,0,11.5,2.1,4.2,.500,0.9,2.6,.345,1.2,1.5,.765,.609,0.1,0.1,1.000,0.4,1.9,2.3,0.8,0.0,0.1,0.5,1.0,5.2
Justise Winslow,2019-20,SF,23,MIA,10,5,33.7,5.0,12.7,.394,0.6,2.6,.231,4.4,10.1,.436,.417,1.8,2.7,.667,1.6,5.5,7.1,4.3,0.6,0.4,2.3,3.6,12.4
Christian Wood,2019-20,PF,24,DET,21,0,15.0,3.4,5.5,.617,0.7,1.5,.484,2.7,4.0,.667,.683,1.5,2.2,.660,1.2,3.2,4.4,0.6,0.3,0.9,1.0,0.8,9.0
Delon Wright,2019-20,SG,27,DAL,22,2,21.2,2.8,5.9,.481,0.6,1.7,.351,2.2,4.2,.533,.531,1.3,1.5,.824,0.8,2.6,3.4,3.4,1.1,0.3,0.7,1.2,7.5
Thaddeus Young,2019-20,PF,31,CHI,23,0,21.3,3.5,8.7,.405,1.1,3.3,.338,2.4,5.3,.447,.470,0.7,1.3,.567,1.6,2.7,4.3,1.6,0.9,0.3,1.6,1.7,8.9
Trae Young,2019-20,PG,21,ATL,22,22,34.6,9.5,20.5,.462,3.5,8.9,.388,6.0,11.5,.520,.547,6.4,7.5,.860,0.5,3.6,4.1,8.4,1.3,0.0,4.9,1.3,28.8
Cody Zeller,2019-20,C,27,CHO,22,17,23.5,4.6,8.5,.537,0.6,1.7,.342,4.0,6.8,.587,.572,1.5,2.3,.647,2.9,4.8,7.6,1.2,0.5,0.5,1.6,2.4,11.3
Ante Žižić,2019-20,C,23,CLE,7,0,11.7,1.9,3.4,.542,0.0,0.0,,1.9,3.4,.542,.542,0.7,0.9,.833,1.0,2.0,3.0,0.0,0.3,0.1,0.1,1.3,4.4
Ivica Zubac,2019-20,C,22,LAC,24,22,16.6,3.1,5.4,.581,0.0,0.1,.000,3.1,5.3,.591,.581,2.0,2.4,.828,2.4,4.2,6.6,0.9,0.2,1.1,0.9,2.4,8.3
