Player,Season,Pos,Age,Tm,G,GS,MP,FG,FGA,FG%,3P,3PA,3P%,2P,2PA,2P%,eFG%,FT,FTA,FT%,ORB,DRB,TRB,AST,STL,BLK,TOV,PF,PTS
Steven Adams,2019-20,C,26,OKC,22,22,27.3,4.8,7.9,.609,0.0,0.0,.000,4.8,7.9,.613,.609,1.5,3.0,.515,3.2,6.3,9.5,2.8,0.5,1.3,1.4,2.0,11.2
Bam Adebayo,2019-20,C,22,MIA,26,26,33.8,5.7,9.8,.584,0.0,0.3,.125,5.7,9.5,.599,.586,3.7,5.7,.651,2.6,8.0,10.6,4.6,1.4,1.2,2.9,2.7,15.2
LaMarcus Aldridge,2019-20,C,34,SAS,23,23,33.4,7.6,15.1,.500,0.6,1.7,.342,7.0,13.5,.519,.519,3.1,3.8,.816,2.0,5.1,7.1,2.4,0.6,1.8,1.6,2.2,18.8
Nickeil Alexander-Walker,2019-20,SG,21,NOP,22,0,13.7,2.2,6.7,.331,1.2,3.6,.342,1.0,3.1,.319,.422,0.5,0.7,.688,0.2,2.0,2.1,1.8,0.4,0.1,1.1,1.2,6.2
Grayson Allen,2019-20,SG,24,MEM,13,0,18.9,2.9,7.1,.413,1.2,3.3,.349,1.8,3.8,.469,.495,1.2,1.3,.882,0.2,2.8,2.9,1.5,0.4,0.1,1.2,1.6,8.2
Jarrett Allen,2019-20,C,21,BRK,26,23,26.3,4.8,7.3,.658,0.0,0.0,.000,4.8,7.3,.661,.658,2.7,4.4,.609,3.7,6.7,10.4,1.2,0.7,1.2,1.1,2.4,12.3
Kadeem Allen,2019-20,SG,27,NYK,1,0,16.0,3.0,6.0,.500,3.0,4.0,.750,0.0,2.0,.000,.750,0.0,0.0,,0.0,0.0,0.0,2.0,1.0,0.0,1.0,1.0,9.0
Al-Farouq Aminu,2019-20,PF,29,ORL,18,2,21.1,1.4,4.8,.291,0.5,2.0,.250,0.9,2.8,.320,.343,1.1,1.6,.655,1.3,3.5,4.8,1.2,1.0,0.4,0.9,1.5,4.3
Kyle Anderson,2019-20,PF,26,MEM,20,1,20.3,2.6,5.3,.481,0.2,0.9,.235,2.4,4.5,.528,.500,0.9,1.5,.600,1.1,3.5,4.6,2.5,0.8,0.7,1.0,1.7,6.2
Ryan Anderson,2019-20,PF,31,HOU,2,0,7.0,1.0,3.5,.286,0.5,2.5,.200,0.5,1.0,.500,.357,0.0,0.0,,0.0,3.5,3.5,1.0,0.5,0.0,0.5,0.5,2.5
Giannis Antetokounmpo,2019-20,PF,25,MIL,26,26,31.1,11.5,20.4,.563,1.7,5.0,.328,9.8,15.4,.640,.604,6.4,10.8,.593,2.6,10.2,12.8,5.3,1.3,1.2,3.7,3.2,31.0
Kostas Antetokounmpo,2019-20,PF,22,LAL,2,0,1.5,0.0,0.0,,0.0,0.0,,0.0,0.0,,,0.0,0.0,,0.0,0.5,0.5,0.0,0.0,0.0,0.0,0.0,0.0
Thanasis Antetokounmpo,2019-20,SF,27,MIL,5,0,5.0,1.2,2.0,.600,0.0,0.0,,1.2,2.0,.600,.600,0.4,0.8,.500,0.6,0.0,0.6,0.8,0.0,0.0,0.4,0.6,2.8
Carmelo Anthony,2019-20,PF,35,POR,12,12,31.6,6.1,14.7,.415,1.6,4.0,.396,4.5,10.7,.422,.469,2.5,3.1,.811,0.8,5.1,5.9,1.3,1.3,0.4,2.2,3.0,16.3
OG Anunoby,2019-20,SF,22,TOR,24,24,29.8,4.3,8.7,.498,1.5,3.8,.396,2.8,4.9,.576,.584,0.8,1.4,.606,1.0,4.5,5.5,1.7,1.3,0.9,1.2,2.4,11.0
Ryan Arcidiacono,2019-20,PG,25,CHI,28,0,15.8,1.3,3.5,.364,0.9,2.2,.393,0.4,1.4,.316,.485,0.6,0.8,.773,0.5,1.1,1.6,1.5,0.5,0.1,0.6,1.9,4.0
Trevor Ariza,2019-20,SF,34,SAC,19,0,22.9,1.7,4.6,.364,1.2,3.4,.344,0.5,1.3,.417,.489,0.5,0.7,.769,0.5,3.3,3.8,1.3,1.0,0.3,0.9,1.6,5.1
D.J. Augustin,2019-20,PG,32,ORL,26,6,25.6,3.1,8.1,.379,1.0,3.4,.307,2.0,4.7,.431,.443,2.3,2.5,.894,0.5,2.0,2.4,4.8,0.7,0.0,1.4,1.2,9.5
Deandre Ayton,2019-20,C,21,PHO,1,1,33.0,9.0,14.0,.643,0.0,0.0,,9.0,14.0,.643,.643,0.0,0.0,,3.0,8.0,11.0,0.0,1.0,4.0,0.0,2.0,18.0
Dwayne Bacon,2019-20,SG,24,CHO,21,10,18.4,2.3,7.4,.314,0.5,2.0,.233,1.9,5.4,.345,.346,1.0,1.5,.710,0.4,2.0,2.5,1.2,0.7,0.1,0.9,1.5,6.2
Marvin Bagley,2019-20,PF,20,SAC,4,1,23.5,5.8,13.0,.442,0.3,1.0,.250,5.5,12.0,.458,.452,1.3,2.0,.625,2.5,4.8,7.3,0.5,0.3,1.0,1.5,2.8,13.0
Lonzo Ball,2019-20,PG,22,NOP,19,12,28.1,3.7,9.8,.374,2.0,5.9,.339,1.7,3.9,.427,.476,0.7,1.2,.591,0.9,3.5,4.4,5.5,1.2,0.3,2.6,1.9,10.1
Mo Bamba,2019-20,C,21,ORL,24,0,15.7,2.4,5.4,.446,0.8,2.0,.388,1.6,3.4,.481,.519,0.4,0.6,.667,1.4,3.8,5.2,0.5,0.3,1.3,1.1,2.0,6.0
J.J. Barea,2019-20,PG,35,DAL,7,0,13.9,3.6,8.0,.446,1.7,3.1,.545,1.9,4.9,.382,.554,0.3,0.3,1.000,0.3,1.4,1.7,3.1,0.3,0.1,0.7,0.7,9.1
Harrison Barnes,2019-20,PF,27,SAC,26,26,35.4,5.5,11.8,.464,1.3,3.8,.354,4.2,8.0,.517,.521,3.7,4.6,.798,1.0,4.2,5.3,2.3,0.8,0.2,1.5,1.2,16.0
RJ Barrett,2019-20,SG,19,NYK,26,26,32.3,5.1,13.3,.383,1.0,3.4,.292,4.1,9.9,.415,.421,2.5,4.6,.546,1.1,4.2,5.3,3.0,1.2,0.5,2.3,2.3,13.7
Will Barton,2019-20,SF,29,DEN,23,23,32.6,5.7,12.4,.458,1.9,4.5,.413,3.8,7.9,.484,.533,1.7,2.3,.722,1.6,5.2,6.8,3.4,1.1,0.4,1.3,2.1,15.0
Keita Bates-Diop,2019-20,SF,24,MIN,13,0,18.5,2.7,5.2,.515,1.3,2.8,.472,1.4,2.5,.563,.640,0.5,0.8,.600,0.5,2.2,2.6,0.6,0.3,0.5,0.4,1.0,7.2
Nicolas Batum,2019-20,SF,31,CHO,14,0,21.9,1.1,3.3,.348,0.6,2.4,.273,0.5,0.9,.538,.446,0.4,0.4,1.000,1.1,3.1,4.2,3.1,0.8,0.5,1.4,1.9,3.3
Aron Baynes,2019-20,C,33,PHO,16,12,22.9,5.3,9.8,.541,1.8,4.5,.389,3.6,5.3,.671,.631,1.9,2.6,.732,1.6,4.1,5.7,2.5,0.3,0.8,1.2,4.1,14.3
Kent Bazemore,2019-20,SF,30,POR,26,5,23.2,2.5,7.4,.344,1.2,3.7,.337,1.3,3.7,.351,.427,1.5,1.8,.809,0.4,3.8,4.2,1.6,0.8,0.7,1.4,3.0,7.8
Darius Bazley,2019-20,PF,19,OKC,25,1,16.5,1.4,3.6,.374,0.6,1.8,.341,0.8,1.9,.404,.456,0.5,0.8,.650,0.3,3.3,3.6,0.5,0.3,0.4,0.8,0.9,3.8
Bradley Beal,2019-20,SG,26,WAS,24,24,36.8,9.4,21.3,.443,2.6,7.9,.333,6.8,13.4,.508,.505,6.0,7.3,.824,1.2,3.6,4.8,6.9,1.0,0.3,3.6,2.8,27.5
Malik Beasley,2019-20,SG,23,DEN,18,0,15.7,2.4,6.3,.381,1.2,3.0,.407,1.2,3.3,.356,.478,0.3,0.4,.857,0.3,1.2,1.4,1.0,0.4,0.1,0.9,1.1,6.3
Marco Belinelli,2019-20,SG,33,SAS,23,0,16.0,1.9,5.7,.336,1.0,2.8,.344,1.0,2.9,.328,.420,0.7,1.0,.739,0.0,1.6,1.7,1.4,0.2,0.0,0.4,0.7,5.5
Jordan Bell,2019-20,C,25,MIN,15,0,10.0,1.3,2.4,.556,0.0,0.3,.000,1.3,2.1,.645,.556,0.9,1.5,.609,1.1,2.3,3.4,0.7,0.1,0.5,0.9,0.7,3.6
DeAndre' Bembry,2019-20,SG,25,ATL,26,4,23.5,2.8,5.8,.487,0.3,1.5,.237,2.5,4.3,.571,.517,0.7,1.4,.486,1.0,3.2,4.1,2.4,1.3,0.5,1.5,2.0,6.7
Dragan Bender,2019-20,SF,22,MIL,3,0,9.7,2.0,2.7,.750,0.7,1.3,.500,1.3,1.3,1.000,.875,0.3,0.3,1.000,0.0,0.7,0.7,1.0,0.0,0.7,0.3,2.0,5.0
Dāvis Bertāns,2019-20,PF,27,WAS,24,1,28.8,5.1,10.9,.466,3.9,8.5,.456,1.2,2.4,.500,.643,1.3,1.5,.889,0.9,3.7,4.6,1.6,0.6,0.7,0.6,2.6,15.4
Patrick Beverley,2019-20,PG,31,LAC,24,24,29.5,2.9,7.2,.401,1.4,4.3,.330,1.5,2.9,.507,.500,0.6,1.0,.609,1.4,4.9,6.3,3.2,1.5,0.5,1.5,3.6,7.8
Khem Birch,2019-20,C,27,ORL,16,11,23.4,1.8,3.6,.491,0.0,0.1,.000,1.8,3.5,.500,.491,0.8,1.6,.500,2.1,3.6,5.6,1.1,0.6,0.8,0.7,2.6,4.3
Goga Bitadze,2019-20,C,20,IND,21,2,10.9,1.3,2.8,.466,0.2,0.7,.286,1.1,2.1,.523,.500,0.7,0.9,.737,0.8,1.7,2.5,0.7,0.0,1.0,0.5,1.7,3.4
Bismack Biyombo,2019-20,C,27,CHO,27,12,17.8,3.0,5.3,.569,0.0,0.0,,3.0,5.3,.569,.569,1.8,3.1,.590,2.1,3.3,5.4,0.9,0.2,0.7,0.6,2.1,7.9
Nemanja Bjelica,2019-20,PF,31,SAC,26,25,26.2,4.3,9.2,.475,1.8,4.3,.432,2.5,4.9,.512,.576,0.7,0.8,.905,1.8,4.6,6.4,2.8,1.0,0.5,1.7,2.9,11.3
Eric Bledsoe,2019-20,PG,30,MIL,26,26,26.7,5.7,11.8,.477,1.2,3.6,.344,4.4,8.3,.535,.529,2.5,3.1,.813,0.8,4.1,4.9,5.7,0.8,0.5,2.3,2.3,15.0
Bogdan Bogdanović,2019-20,SG,27,SAC,24,0,27.7,5.3,12.3,.429,2.7,6.8,.399,2.5,5.5,.466,.539,1.5,2.2,.698,0.3,2.5,2.8,4.0,1.2,0.1,2.0,2.0,14.8
Bojan Bogdanović,2019-20,SF,30,UTA,25,25,33.3,6.9,15.3,.449,3.3,7.2,.456,3.6,8.1,.443,.556,3.7,4.2,.877,0.6,3.7,4.4,2.0,0.7,0.2,2.9,1.9,20.8
Jonah Bolden,2019-20,PF,24,PHI,2,0,2.5,0.5,0.5,1.000,0.0,0.0,,0.5,0.5,1.000,1.000,0.0,1.0,.000,0.0,0.0,0.0,0.0,0.5,0.0,0.5,0.0,1.0
Jordan Bone,2019-20,PG,22,DET,3,0,2.0,0.7,1.7,.400,0.0,0.3,.000,0.7,1.3,.500,.400,0.0,0.0,,0.0,0.0,0.0,0.0,0.0,0.0,0.7,0.7,1.3
Isaac Bonga,2019-20,SF,20,WAS,19,13,16.1,1.3,2.9,.455,0.2,0.8,.250,1.1,2.1,.538,.491,0.6,0.8,.800,0.7,1.7,2.5,1.3,0.6,0.3,0.6,2.1,3.5
Devin Booker,2019-20,SG,23,PHO,24,24,35.9,8.9,17.5,.507,2.3,5.5,.406,6.6,12.0,.554,.571,5.0,5.6,.903,0.6,3.3,3.9,6.4,0.6,0.3,3.8,3.0,25.0
Chris Boucher,2019-20,PF,27,TOR,22,0,11.6,1.9,4.2,.446,0.5,1.6,.314,1.4,2.6,.526,.505,0.9,1.3,.690,1.9,2.1,4.0,0.5,0.3,0.7,0.4,1.3,5.1
Brian Bowen,2019-20,SG,21,IND,3,0,3.3,0.3,1.3,.250,0.0,0.3,.000,0.3,1.0,.333,.250,0.0,0.0,,0.0,0.3,0.3,0.0,0.0,0.3,0.0,0.0,0.7
Ky Bowman,2019-20,PG,22,GSW,26,6,22.9,3.4,7.5,.454,1.0,2.5,.415,2.3,5.0,.473,.523,0.8,0.8,.909,0.5,2.2,2.7,2.7,0.9,0.1,1.2,2.1,8.6
Avery Bradley,2019-20,SG,29,LAL,13,10,25.7,3.7,7.9,.466,0.6,2.6,.235,3.1,5.3,.580,.505,0.5,0.8,.700,0.6,2.2,2.8,1.5,1.0,0.1,1.2,2.7,8.5
Tony Bradley,2019-20,C,22,UTA,18,2,9.1,1.8,3.0,.611,0.0,0.0,,1.8,3.0,.611,.611,0.6,0.9,.688,1.4,2.1,3.5,0.3,0.1,0.4,0.4,1.6,4.3
Jarrell Brantley,2019-20,PF,23,UTA,2,0,4.5,0.0,0.0,,0.0,0.0,,0.0,0.0,,,0.0,0.0,,0.0,2.0,2.0,0.5,0.0,1.0,0.5,0.5,0.0
Ignas Brazdeikis,2019-20,SF,21,NYK,7,0,6.7,0.7,2.9,.250,0.1,1.1,.125,0.6,1.7,.333,.275,0.4,0.6,.750,0.3,0.4,0.7,0.3,0.0,0.1,0.3,0.4,2.0
Mikal Bridges,2019-20,SF,23,PHO,25,1,21.5,2.5,5.1,.496,0.5,1.6,.293,2.0,3.4,.593,.543,1.5,1.9,.771,0.9,3.0,3.9,1.2,1.4,0.3,0.8,1.9,7.0
Miles Bridges,2019-20,SF,21,CHO,29,29,31.3,4.9,11.3,.434,1.7,4.6,.371,3.2,6.7,.477,.509,1.3,1.8,.765,1.3,4.0,5.3,1.8,0.5,0.8,1.7,2.1,12.8
Oshae Brissett,2019-20,SF,21,TOR,5,0,3.6,0.2,0.6,.333,0.2,0.2,1.000,0.0,0.4,.000,.500,0.0,0.0,,0.0,0.2,0.2,0.2,0.2,0.0,0.4,0.2,0.6
Ryan Broekhoff,2019-20,SG,29,DAL,5,0,5.4,0.8,1.6,.500,0.8,1.0,.800,0.0,0.6,.000,.750,0.0,0.0,,0.0,1.2,1.2,0.6,0.2,0.0,0.4,0.2,2.4
Malcolm Brogdon,2019-20,PG,27,IND,23,23,31.4,6.8,14.4,.471,1.5,4.3,.347,5.3,10.1,.524,.523,4.1,4.4,.931,0.7,3.9,4.5,7.7,1.0,0.2,2.7,2.1,19.1
Dillon Brooks,2019-20,SG,24,MEM,26,26,27.7,5.3,12.8,.411,1.8,4.8,.365,3.5,8.0,.440,.480,2.2,2.7,.817,1.0,2.3,3.3,2.0,1.2,0.3,1.4,3.8,14.5
Bruce Brown,2019-20,SG,23,DET,26,22,26.3,3.0,7.0,.434,0.5,1.6,.317,2.5,5.4,.468,.470,1.1,1.9,.592,0.9,3.5,4.4,3.7,1.1,0.5,1.7,2.7,7.7
Charlie Brown,2019-20,SG,22,ATL,4,0,4.0,0.3,0.8,.333,0.3,0.3,1.000,0.0,0.5,.000,.500,1.0,1.0,1.000,0.5,0.3,0.8,0.0,0.0,0.3,0.0,0.0,1.8
Jaylen Brown,2019-20,SF,23,BOS,21,21,33.8,7.3,14.7,.500,1.9,5.1,.374,5.4,9.6,.567,.565,2.8,3.8,.734,1.0,5.9,6.9,2.2,1.1,0.3,1.8,3.4,19.3
Moses Brown,2019-20,C,20,POR,4,0,3.8,0.8,1.8,.429,0.0,0.0,,0.8,1.8,.429,.429,0.5,1.0,.500,0.5,1.8,2.3,0.0,0.3,0.0,0.3,1.0,2.0
Sterling Brown,2019-20,SF,24,MIL,19,0,16.9,2.1,5.0,.411,1.1,2.6,.400,1.0,2.4,.422,.516,0.7,1.0,.684,0.7,3.8,4.5,1.3,0.7,0.1,0.9,1.2,5.8
Troy Brown,2019-20,SG,20,WAS,21,11,22.5,3.1,6.7,.461,0.4,1.8,.243,2.7,5.0,.538,.493,1.2,1.5,.781,1.4,3.7,5.0,2.3,1.4,0.1,1.0,1.4,7.8
Jalen Brunson,2019-20,PG,23,DAL,25,3,16.4,3.1,6.4,.491,0.7,2.1,.346,2.4,4.3,.561,.547,0.9,1.3,.697,0.5,2.0,2.5,2.8,0.4,0.0,1.0,1.3,7.9
Thomas Bryant,2019-20,C,22,WAS,18,18,28.4,5.6,10.2,.549,0.6,1.9,.286,5.1,8.3,.611,.576,2.2,2.9,.736,2.3,6.2,8.5,2.7,0.4,1.0,1.3,2.4,13.9
Trey Burke,2019-20,PG,27,PHI,10,0,15.8,2.7,6.3,.429,0.7,1.8,.389,2.0,4.5,.444,.484,0.8,1.1,.727,0.6,0.9,1.5,3.1,0.7,0.1,0.5,0.7,6.9
Alec Burks,2019-20,SG,28,GSW,25,11,29.1,5.2,12.0,.430,1.4,4.0,.356,3.7,8.0,.467,.490,3.6,4.1,.883,0.8,3.6,4.4,2.9,1.1,0.2,1.6,2.2,15.4
Deonte Burton,2019-20,SG,26,OKC,12,0,8.4,1.1,2.8,.394,0.4,1.4,.294,0.7,1.3,.500,.470,0.3,0.3,.750,0.3,1.5,1.8,0.3,0.1,0.1,0.3,0.9,2.8
Jimmy Butler,2019-20,SF,30,MIA,22,22,35.5,6.2,14.4,.429,1.0,3.6,.275,5.2,10.8,.481,.464,7.6,9.2,.828,1.9,4.6,6.5,6.8,2.1,0.7,2.5,1.4,21.0
Bruno Caboclo,2019-20,SF,24,MEM,17,0,10.5,1.6,3.8,.431,0.2,1.4,.174,1.4,2.5,.571,.462,0.1,0.2,.667,0.9,1.4,2.4,0.5,0.5,0.7,0.4,1.2,3.6
Kentavious Caldwell-Pope,2019-20,SG,26,LAL,27,17,24.6,3.2,7.0,.458,1.2,3.1,.386,2.0,4.0,.514,.542,1.0,1.3,.765,0.6,1.5,2.1,1.8,0.8,0.1,0.9,1.7,8.6
Vlatko Čančar,2019-20,SF,22,DEN,1,0,2.0,0.0,0.0,,0.0,0.0,,0.0,0.0,,,0.0,0.0,,0.0,0.0,0.0,0.0,0.0,0.0,0.0,0.0,0.0
Clint Capela,2019-20,C,25,HOU,22,22,32.9,6.3,9.9,.636,0.0,0.0,,6.3,9.9,.636,.636,1.3,2.8,.459,4.3,10.5,14.7,1.0,0.8,2.0,1.5,2.8,13.8
DeMarre Carroll,2019-20,SF,33,SAS,11,0,10.9,0.6,2.3,.280,0.3,1.1,.250,0.4,1.2,.308,.340,0.9,1.3,.714,0.6,2.0,2.6,0.9,0.2,0.2,0.8,1.5,2.5
Jevon Carter,2019-20,PG,24,PHO,16,2,14.1,1.4,3.4,.400,0.9,2.1,.412,0.5,1.3,.381,.527,0.3,0.3,1.000,0.2,1.5,1.7,1.8,0.8,0.3,0.9,1.5,3.9
Vince Carter,2019-20,SF,43,ATL,22,0,15.8,2.1,5.9,.357,1.1,3.8,.286,1.0,2.0,.489,.450,0.3,0.5,.700,0.2,1.7,1.9,1.0,0.4,0.3,0.6,1.7,5.6
Wendell Carter,2019-20,C,20,CHI,28,28,29.7,4.6,8.2,.565,0.1,0.6,.125,4.6,7.6,.598,.570,2.6,3.7,.718,3.5,6.3,9.8,1.0,0.8,0.9,1.4,4.1,12.0
Michael Carter-Williams,2019-20,SG,28,ORL,16,0,16.3,1.7,4.9,.342,0.4,1.7,.259,1.3,3.3,.385,.386,1.4,1.9,.710,1.1,2.1,3.2,2.1,0.8,0.5,1.0,1.4,5.2
Alex Caruso,2019-20,PG,25,LAL,25,0,20.3,2.0,4.6,.443,0.7,2.0,.353,1.3,2.6,.516,.522,0.6,1.0,.667,0.2,2.0,2.2,1.8,1.0,0.3,1.0,1.6,5.4
Willie Cauley-Stein,2019-20,C,26,GSW,25,24,22.7,3.5,6.4,.550,0.0,0.0,,3.5,6.4,.550,.550,0.9,1.4,.647,1.5,4.9,6.4,1.5,1.2,1.3,1.0,2.9,7.9
Tyson Chandler,2019-20,C,37,HOU,18,4,9.1,0.7,0.9,.765,0.0,0.0,,0.7,0.9,.765,.765,0.3,0.5,.556,1.1,1.7,2.7,0.3,0.3,0.4,0.3,1.3,1.7
Wilson Chandler,2019-20,F,32,BRK,1,0,19.0,1.0,1.0,1.000,0.0,0.0,,1.0,1.0,1.000,1.000,0.0,0.0,,0.0,7.0,7.0,2.0,1.0,1.0,0.0,3.0,2.0
Zylan Cheatham,2019-20,SF,24,NOP,2,0,10.0,0.5,2.0,.250,0.0,0.5,.000,0.5,1.5,.333,.250,0.0,0.0,,0.0,1.5,1.5,0.5,0.0,0.0,0.5,1.5,1.0
Chris Chiozza,2019-20,PG,24,WAS,10,0,12.3,1.0,3.4,.294,0.7,1.6,.438,0.3,1.8,.167,.397,0.0,0.0,,0.0,1.5,1.5,2.8,1.0,0.2,0.9,1.2,2.7
Marquese Chriss,2019-20,PF,22,GSW,27,1,17.9,2.6,5.5,.473,0.1,0.7,.200,2.4,4.7,.516,.486,1.9,2.3,.810,1.6,3.6,5.2,2.0,0.7,1.0,1.4,2.0,7.2
Gary Clark,2019-20,PF,25,HOU,11,0,12.0,1.4,3.5,.385,1.0,3.0,.333,0.4,0.5,.667,.526,0.3,0.3,1.000,0.6,1.6,2.3,0.7,0.1,0.5,0.1,1.0,4.0
Brandon Clarke,2019-20,PF,23,MEM,20,2,21.4,5.4,8.3,.651,0.7,1.3,.520,4.8,7.1,.674,.690,1.2,1.5,.800,1.2,4.7,5.9,1.2,0.5,1.0,1.1,1.8,12.7
Jordan Clarkson,2019-20,SG,27,CLE,26,0,22.6,4.8,11.3,.430,2.0,5.5,.354,2.9,5.7,.503,.517,2.6,2.9,.895,0.7,1.6,2.3,2.5,0.6,0.3,1.4,1.2,14.3
Nicolas Claxton,2019-20,PF,20,BRK,9,0,13.2,1.2,2.3,.524,0.0,0.6,.000,1.2,1.8,.688,.524,0.6,1.3,.417,0.9,1.6,2.4,1.2,0.1,0.6,0.7,1.1,3.0
Chris Clemons,2019-20,SG,22,HOU,19,0,8.5,1.7,4.1,.429,1.3,3.3,.387,0.5,0.8,.600,.584,0.2,0.2,.750,0.1,0.6,0.7,0.3,0.3,0.2,0.4,0.8,4.9
John Collins,2019-20,PF,22,ATL,5,5,32.2,6.4,12.2,.525,1.8,3.8,.474,4.6,8.4,.548,.598,2.4,3.4,.706,2.0,6.8,8.8,1.6,1.0,2.0,1.4,3.4,17.0
Zach Collins,2019-20,PF,22,POR,3,3,28.7,3.0,6.3,.474,1.0,2.3,.429,2.0,4.0,.500,.553,2.0,2.0,1.000,1.3,2.7,4.0,2.0,0.0,0.7,2.0,3.7,9.0
Mike Conley,2019-20,PG,32,UTA,21,21,29.9,4.6,12.5,.369,1.9,5.1,.374,2.7,7.4,.365,.445,2.8,3.5,.795,0.8,2.7,3.5,4.6,0.7,0.2,2.1,2.1,13.9
Pat Connaughton,2019-20,SG,27,MIL,25,0,17.5,2.0,4.0,.490,0.7,2.2,.327,1.2,1.8,.689,.580,0.5,0.7,.765,0.5,3.4,3.9,1.9,0.3,0.5,0.6,1.0,5.2
Quinn Cook,2019-20,PG,26,LAL,20,0,13.4,2.1,4.9,.429,0.6,1.8,.343,1.5,3.2,.476,.490,0.2,0.3,.800,0.2,1.0,1.2,1.5,0.3,0.1,0.8,0.6,5.0
Tyler Cook,2019-20,PF,22,CLE,6,0,2.8,0.8,1.0,.833,0.0,0.0,,0.8,1.0,.833,.833,0.3,0.3,1.000,0.5,0.3,0.8,0.0,0.2,0.0,0.2,0.2,2.0
Robert Covington,2019-20,PF,29,MIN,24,24,28.1,4.2,9.4,.447,2.1,5.8,.357,2.1,3.6,.593,.558,2.0,2.2,.887,0.7,4.6,5.3,1.1,1.4,0.8,1.6,3.1,12.5
Allen Crabbe,2019-20,SG,27,ATL,15,1,19.9,2.1,5.5,.390,1.1,3.5,.302,1.1,1.9,.552,.488,0.5,0.6,.778,0.5,2.0,2.5,1.0,0.6,0.2,0.5,1.1,5.8
Torrey Craig,2019-20,SF,29,DEN,18,2,13.8,1.3,3.2,.397,0.4,1.5,.259,0.9,1.7,.516,.457,0.3,0.6,.545,0.7,1.7,2.3,0.8,0.3,0.7,0.3,1.8,3.3
Jae Crowder,2019-20,SF,29,MEM,25,25,31.1,3.5,9.2,.380,2.1,6.5,.325,1.4,2.6,.515,.496,1.7,2.3,.754,0.7,5.5,6.2,2.8,1.0,0.4,1.5,2.1,10.8
Jarrett Culver,2019-20,SG,20,MIN,25,15,23.3,3.4,9.2,.371,0.9,3.7,.250,2.5,5.5,.453,.421,0.9,2.1,.434,1.1,2.2,3.3,2.2,0.8,0.5,1.2,2.0,8.6
Seth Curry,2019-20,SG,29,DAL,23,9,21.6,3.0,6.7,.458,1.6,4.0,.402,1.4,2.7,.541,.578,1.3,1.5,.912,0.5,1.6,2.1,1.7,0.6,0.2,0.9,1.8,9.0
Stephen Curry,2019-20,PG,31,GSW,4,4,28.0,6.8,16.5,.409,2.3,9.3,.243,4.5,7.3,.621,.477,4.5,4.5,1.000,1.0,4.0,5.0,6.5,1.3,0.5,3.8,2.5,20.3
Troy Daniels,2019-20,SG,28,LAL,20,0,13.9,1.7,4.6,.370,1.2,3.5,.348,0.5,1.2,.435,.500,0.2,0.4,.571,0.2,1.2,1.4,0.4,0.4,0.1,0.3,0.7,4.8
Anthony Davis,2019-20,PF,26,LAL,26,26,34.7,9.6,19.3,.499,1.2,3.6,.319,8.5,15.7,.541,.529,7.0,8.2,.858,2.4,6.9,9.3,3.3,1.5,2.6,2.3,2.4,27.4
Ed Davis,2019-20,C,30,UTA,14,0,12.1,0.7,1.5,.476,0.0,0.0,,0.7,1.5,.476,.476,0.2,0.5,.429,1.1,3.4,4.5,0.4,0.4,0.5,0.7,2.5,1.6
Terence Davis,2019-20,SG,22,TOR,25,0,15.5,2.3,5.1,.457,1.1,2.7,.397,1.2,2.4,.525,.563,0.6,0.7,.941,0.6,2.2,2.8,1.8,0.5,0.2,0.8,1.7,6.4
Dewayne Dedmon,2019-20,C,30,SAC,21,4,14.5,2.0,4.9,.408,0.5,2.3,.229,1.5,2.6,.564,.461,0.5,0.6,.846,1.2,2.8,4.0,0.4,0.4,0.5,1.5,2.6,5.0
Matthew Dellavedova,2019-20,PG,29,CLE,24,0,13.3,0.9,3.0,.288,0.2,1.8,.119,0.7,1.3,.516,.322,0.6,0.7,.938,0.3,1.0,1.3,2.3,0.4,0.0,0.7,1.6,2.6
DeMar DeRozan,2019-20,SF,30,SAS,25,25,34.4,8.2,16.2,.505,0.2,0.6,.333,8.0,15.6,.512,.511,4.7,6.0,.792,0.6,5.0,5.6,4.7,1.0,0.5,2.5,3.0,21.2
Cheick Diallo,2019-20,C,23,PHO,17,0,10.2,2.4,3.5,.695,0.1,0.1,1.000,2.4,3.4,.690,.703,0.9,1.0,.882,0.8,2.2,3.1,0.5,0.1,0.2,0.5,1.2,5.8
Hamidou Diallo,2019-20,SF,21,OKC,12,1,21.3,3.8,7.7,.500,0.2,1.1,.154,3.7,6.6,.557,.511,0.9,1.5,.611,1.2,2.7,3.8,0.8,1.5,0.3,1.2,2.4,8.8
Gorgui Dieng,2019-20,C,30,MIN,21,2,12.4,1.7,4.1,.419,0.4,1.4,.300,1.3,2.7,.482,.471,0.6,0.8,.750,0.8,3.1,4.0,1.0,0.7,1.0,0.7,1.5,4.4
Spencer Dinwiddie,2019-20,SG,26,BRK,26,15,30.0,7.0,16.2,.430,1.9,6.0,.312,5.1,10.2,.500,.488,5.2,6.2,.833,0.2,2.7,2.8,6.2,0.9,0.5,2.7,3.4,21.0
Donte DiVincenzo,2019-20,SG,23,MIL,24,11,21.2,3.3,7.3,.443,1.3,3.5,.353,2.0,3.8,.527,.528,1.0,1.3,.800,0.8,3.3,4.1,1.8,1.5,0.1,1.2,1.7,8.8
Luka Dončić,2019-20,PG,20,DAL,25,25,32.2,9.4,19.6,.481,3.0,9.3,.326,6.4,10.3,.620,.558,7.4,9.2,.803,1.3,8.3,9.6,8.9,1.2,0.1,4.4,2.3,29.3
Luguentz Dort,2019-20,SG,20,OKC,5,0,16.2,1.0,3.2,.313,0.0,1.8,.000,1.0,1.4,.714,.313,0.6,1.0,.600,0.0,1.4,1.4,0.4,0.4,0.0,0.4,2.4,2.6
Damyean Dotson,2019-20,SG,25,NYK,23,0,15.7,2.2,5.4,.408,1.0,3.3,.316,1.2,2.1,.551,.504,0.4,0.6,.714,0.2,1.5,1.7,1.1,0.4,0.2,0.5,0.9,5.9
Sekou Doumbouya,2019-20,SF,19,DET,4,0,2.8,0.8,1.5,.500,0.0,0.3,.000,0.8,1.3,.600,.500,0.0,0.3,.000,0.0,0.5,0.5,0.0,0.0,0.0,0.0,0.8,1.5
Goran Dragić,2019-20,PG,33,MIA,18,1,28.7,5.4,11.6,.466,2.2,5.3,.406,3.2,6.2,.518,.560,3.0,4.2,.711,0.3,2.9,3.2,5.0,0.7,0.2,2.6,1.8,15.9
Andre Drummond,2019-20,C,26,DET,25,25,33.8,7.4,13.6,.546,0.0,0.5,.000,7.4,13.0,.567,.546,2.9,4.6,.632,4.6,12.0,16.6,2.9,1.7,1.8,3.6,3.8,17.7
Jared Dudley,2019-20,SF,34,LAL,18,0,8.6,0.5,1.2,.429,0.5,0.8,.600,0.0,0.3,.000,.643,0.1,0.1,1.000,0.1,0.8,0.9,0.7,0.4,0.1,0.1,0.9,1.6
Kris Dunn,2019-20,PG,25,CHI,28,9,22.1,2.9,6.9,.420,0.4,2.2,.197,2.5,4.7,.523,.451,0.5,0.8,.714,0.5,2.9,3.4,2.9,1.9,0.4,1.0,3.5,6.8
Carsen Edwards,2019-20,SG,21,BOS,21,0,11.2,1.3,4.0,.321,0.8,2.4,.333,0.5,1.6,.303,.423,0.5,0.6,.846,0.2,1.5,1.7,0.8,0.3,0.1,0.6,1.0,3.9
Henry Ellenson,2019-20,PF,23,BRK,3,0,3.3,0.3,1.7,.200,0.0,0.7,.000,0.3,1.0,.333,.200,0.0,0.0,,0.7,0.7,1.3,0.0,0.0,0.0,0.0,0.3,0.7
Wayne Ellington,2019-20,SG,32,NYK,18,1,14.3,1.4,4.5,.321,1.2,3.8,.304,0.3,0.7,.417,.451,0.2,0.3,.667,0.1,1.6,1.6,0.9,0.3,0.1,0.7,1.1,4.3
Joel Embiid,2019-20,C,25,PHI,22,22,30.7,7.2,15.7,.461,1.1,3.5,.316,6.1,12.2,.502,.496,7.2,8.9,.811,2.4,9.9,12.3,3.3,0.9,1.3,3.3,3.5,22.8
James Ennis,2019-20,SF,29,PHI,28,0,17.5,2.5,5.0,.493,0.9,2.3,.413,1.5,2.8,.558,.586,1.3,1.7,.766,1.1,2.2,3.3,1.0,0.5,0.3,0.6,2.0,7.1
Drew Eubanks,2019-20,PF,22,SAS,4,0,7.8,1.3,2.5,.500,0.0,0.0,,1.3,2.5,.500,.500,0.3,0.3,1.000,1.3,2.0,3.3,0.5,0.0,0.3,1.0,1.0,2.8
Jacob Evans,2019-20,SG,22,GSW,7,0,15.3,1.7,5.0,.343,0.9,1.4,.600,0.9,3.6,.240,.429,1.4,1.4,1.000,0.1,1.0,1.1,0.9,0.1,0.4,0.6,1.7,5.7
Dante Exum,2019-20,SG,24,UTA,11,0,7.5,0.9,2.1,.435,0.2,0.5,.333,0.7,1.5,.471,.478,0.2,0.2,1.000,0.3,0.8,1.1,0.6,0.1,0.2,0.9,0.7,2.2
Tacko Fall,2019-20,C,24,BOS,1,0,4.0,2.0,4.0,.500,0.0,0.0,,2.0,4.0,.500,.500,0.0,0.0,,0.0,3.0,3.0,0.0,0.0,0.0,1.0,2.0,4.0
Derrick Favors,2019-20,C,28,NOP,11,9,20.4,3.7,6.5,.577,0.1,0.2,.500,3.6,6.3,.580,.585,0.2,0.6,.286,3.3,5.2,8.5,2.0,0.5,0.5,1.5,2.3,7.7
Terrance Ferguson,2019-20,SF,21,OKC,19,19,26.2,2.1,4.8,.424,1.2,3.4,.354,0.8,1.4,.593,.549,0.4,0.5,.778,0.6,1.3,1.9,1.0,0.5,0.3,0.7,3.0,5.7
Bruno Fernando,2019-20,C,21,ATL,26,0,11.5,1.6,3.0,.532,0.2,0.6,.250,1.4,2.3,.607,.558,0.7,1.0,.667,1.1,1.8,2.9,1.0,0.2,0.3,0.9,1.5,4.0
Yogi Ferrell,2019-20,PG,26,SAC,22,0,13.7,2.0,4.4,.443,0.4,1.5,.265,1.5,2.9,.540,.490,1.3,1.5,.875,0.2,1.2,1.4,1.7,0.5,0.0,0.7,0.8,5.6
Dorian Finney-Smith,2019-20,PF,26,DAL,25,22,27.4,3.0,6.5,.466,1.2,3.6,.333,1.8,2.9,.630,.558,1.0,1.4,.694,1.8,3.2,5.1,1.2,0.6,0.4,1.0,2.0,8.3
Bryn Forbes,2019-20,SG,26,SAS,25,25,26.1,4.2,10.6,.400,2.2,6.4,.344,2.0,4.2,.486,.504,1.2,1.5,.838,0.3,2.2,2.5,2.0,0.5,0.0,0.7,1.9,11.9
Evan Fournier,2019-20,SG,27,ORL,26,26,30.5,7.0,14.5,.481,2.9,6.5,.447,4.1,8.0,.510,.582,3.1,3.7,.835,0.2,2.7,2.8,3.2,1.0,0.2,2.0,2.3,20.0
De'Aaron Fox,2019-20,PG,22,SAC,9,9,32.0,6.1,14.2,.430,1.1,3.3,.333,5.0,10.9,.459,.469,4.9,6.9,.710,0.6,3.4,4.0,7.0,0.8,0.6,4.1,3.0,18.2
Melvin Frazier,2019-20,SG,23,ORL,5,0,3.0,0.4,1.8,.222,0.2,0.6,.333,0.2,1.2,.167,.278,0.0,0.0,,0.2,0.0,0.2,0.2,0.0,0.0,0.0,0.6,1.0
Tim Frazier,2019-20,PG,29,DET,14,4,10.0,0.6,3.1,.209,0.2,1.0,.214,0.4,2.1,.207,.244,0.9,1.1,.813,0.3,0.6,0.9,2.9,0.6,0.1,0.9,1.3,2.4
Markelle Fultz,2019-20,PG,21,ORL,25,20,25.8,4.8,10.0,.476,0.4,1.6,.225,4.4,8.4,.524,.494,1.8,2.3,.772,0.4,2.3,2.7,4.2,1.2,0.2,1.8,2.0,11.6
Wenyen Gabriel,2019-20,PF,22,SAC,7,0,6.7,0.7,2.3,.313,0.1,1.1,.125,0.6,1.1,.500,.344,0.7,1.3,.556,0.6,0.6,1.1,0.4,0.3,0.3,0.4,0.9,2.3
Daniel Gafford,2019-20,C,21,CHI,18,0,11.1,2.0,2.7,.735,0.0,0.0,,2.0,2.7,.735,.735,0.6,1.2,.476,0.8,0.9,1.7,0.2,0.1,1.2,0.2,1.7,4.6
Danilo Gallinari,2019-20,PF,31,OKC,24,24,30.5,5.4,12.6,.427,2.7,6.9,.388,2.7,5.7,.474,.533,4.2,4.6,.910,0.5,5.3,5.8,2.1,0.7,0.1,1.5,1.5,17.6
Langston Galloway,2019-20,SG,28,DET,26,6,27.0,3.8,8.6,.448,2.4,5.7,.429,1.4,2.9,.487,.590,1.8,2.0,.904,0.3,1.7,2.1,1.5,0.5,0.3,0.7,1.2,11.9
Darius Garland,2019-20,PG,20,CLE,26,26,27.9,4.1,10.8,.379,1.7,4.6,.367,2.4,6.2,.388,.457,0.9,1.0,.852,0.4,1.5,1.9,2.9,0.6,0.0,2.6,1.3,10.7
Marc Gasol,2019-20,C,35,TOR,25,25,29.1,2.4,6.5,.362,1.2,3.4,.369,1.1,3.2,.354,.457,0.8,1.1,.750,0.9,6.0,6.9,3.6,0.8,1.2,1.3,3.4,6.8
Rudy Gay,2019-20,PF,33,SAS,25,5,23.4,4.1,9.1,.447,0.8,3.2,.266,3.2,6.0,.544,.493,2.2,2.4,.885,1.2,4.6,5.9,2.0,0.5,0.6,1.7,1.5,11.2
Paul George,2019-20,SF,29,LAC,17,17,30.6,8.1,18.1,.446,4.0,9.9,.402,4.1,8.1,.500,.557,4.6,5.1,.908,0.5,5.6,6.1,3.9,1.5,0.4,3.6,2.6,24.8
Taj Gibson,2019-20,C,34,NYK,25,19,16.5,2.2,4.4,.500,0.1,0.4,.200,2.1,4.0,.530,.509,0.4,0.6,.600,1.8,2.7,4.4,1.2,0.7,0.4,0.7,2.2,4.8
Harry Giles,2019-20,PF,21,SAC,7,0,7.4,1.6,3.6,.440,0.0,0.0,,1.6,3.6,.440,.440,0.3,0.3,1.000,0.4,0.6,1.0,0.7,0.3,0.4,0.7,1.9,3.4
Shai Gilgeous-Alexander,2019-20,SG,21,OKC,25,25,35.0,6.7,15.4,.434,1.4,3.9,.351,5.3,11.5,.462,.478,3.8,4.7,.797,0.6,4.4,5.1,3.0,1.0,0.4,2.2,2.0,18.5
Rudy Gobert,2019-20,C,27,UTA,24,24,34.0,5.6,8.3,.682,0.0,0.0,,5.6,8.3,.682,.682,3.4,5.5,.617,3.5,10.2,13.7,1.5,0.8,1.8,2.2,3.1,14.7
Brandon Goodwin,2019-20,PG,24,ATL,2,0,2.5,0.0,0.5,.000,0.0,0.5,.000,0.0,0.0,,.000,0.0,0.0,,0.0,0.0,0.0,0.0,0.0,0.0,1.0,0.5,0.0
Aaron Gordon,2019-20,PF,24,ORL,23,23,31.4,5.1,12.0,.425,1.3,4.0,.312,3.8,7.9,.484,.478,2.3,3.3,.711,1.7,5.2,7.0,2.9,0.7,0.5,1.5,2.1,13.8
Eric Gordon,2019-20,SG,31,HOU,9,2,29.4,3.8,12.2,.309,2.3,8.2,.284,1.4,4.0,.361,.405,1.0,1.6,.643,0.3,1.6,1.9,0.8,0.6,0.2,1.3,2.3,10.9
Devonte' Graham,2019-20,PG,24,CHO,29,19,34.1,6.2,15.6,.401,3.7,9.1,.411,2.5,6.5,.388,.521,3.4,4.2,.803,1.0,2.8,3.8,7.4,0.8,0.3,3.1,1.8,19.6
Treveon Graham,2019-20,SG,26,MIN,24,17,20.7,2.0,5.8,.338,0.5,2.7,.203,1.4,3.1,.453,.385,0.8,1.0,.792,1.0,2.3,3.2,1.0,0.6,0.1,0.6,2.1,5.3
Jerami Grant,2019-20,PF,25,DEN,25,2,22.9,3.6,7.8,.462,1.3,3.4,.384,2.3,4.4,.523,.546,1.3,2.2,.611,0.5,2.9,3.4,1.0,0.5,0.6,0.8,1.9,9.8
Josh Gray,2019-20,PG,26,NOP,2,0,11.5,0.5,1.0,.500,0.0,0.0,,0.5,1.0,.500,.500,0.0,0.0,,0.5,0.5,1.0,1.0,0.0,0.0,2.5,0.5,1.0
Danny Green,2019-20,SG,32,LAL,27,27,25.3,2.9,7.0,.416,1.8,5.0,.363,1.1,2.0,.545,.545,0.6,0.7,.850,0.7,3.2,3.9,1.2,1.3,0.5,0.9,2.3,8.3
Draymond Green,2019-20,PF,29,GSW,18,18,28.7,3.3,8.0,.410,0.7,2.7,.265,2.6,5.3,.484,.455,1.7,2.4,.721,0.4,5.6,5.9,5.8,1.7,0.6,2.3,2.6,9.0
JaMychal Green,2019-20,PF,29,LAC,22,0,21.3,2.5,6.0,.414,1.5,4.1,.378,1.0,2.0,.488,.541,0.8,1.0,.857,1.3,5.3,6.6,0.5,0.6,0.3,0.9,2.5,7.4
Javonte Green,2019-20,SF,26,BOS,18,0,6.7,1.2,1.9,.600,0.2,0.6,.300,1.0,1.4,.720,.643,0.1,0.3,.400,0.2,0.8,0.9,0.2,0.2,0.2,0.2,0.7,2.6
Jeff Green,2019-20,PF,33,UTA,26,2,18.8,2.6,6.6,.390,1.3,3.7,.340,1.3,2.9,.453,.485,1.8,2.2,.810,0.4,2.2,2.6,0.6,0.4,0.4,1.0,1.7,8.2
Blake Griffin,2019-20,PF,30,DET,14,14,28.4,5.1,14.0,.367,1.6,6.0,.274,3.5,8.0,.438,.426,4.5,5.8,.778,0.9,3.6,4.6,3.3,0.4,0.3,2.4,1.4,16.4
Marko Guduric,2019-20,SG,24,MEM,26,0,14.7,1.8,4.8,.373,0.7,2.5,.281,1.1,2.4,.468,.444,0.6,0.7,.882,0.5,1.6,2.0,1.4,0.3,0.2,1.1,1.0,4.9
Rui Hachimura,2019-20,PF,21,WAS,24,24,29.7,6.0,12.5,.478,0.4,2.0,.213,5.5,10.5,.528,.495,1.9,2.2,.849,1.6,4.4,6.0,1.7,0.8,0.1,0.8,2.4,14.2
Devon Hall,2019-20,SG,24,OKC,5,0,4.0,0.2,1.0,.200,0.0,0.4,.000,0.2,0.6,.333,.200,0.6,0.8,.750,0.0,0.2,0.2,0.6,0.0,0.0,0.2,0.2,1.0
Tim Hardaway,2019-20,SG,27,DAL,25,12,25.5,4.6,10.6,.432,2.5,6.6,.373,2.1,4.0,.530,.549,1.6,2.0,.820,0.3,2.1,2.4,1.8,0.6,0.1,0.7,1.8,13.3
James Harden,2019-20,SG,30,HOU,26,26,37.8,11.2,25.0,.448,5.0,14.0,.361,6.2,11.0,.557,.548,11.8,13.4,.883,1.0,4.9,5.9,7.5,2.0,0.7,5.0,3.3,39.3
Maurice Harkless,2019-20,SF,26,LAC,28,18,23.8,2.3,4.8,.481,0.6,1.7,.340,1.8,3.1,.557,.541,0.6,1.1,.563,1.0,2.8,3.8,1.1,1.1,0.7,1.0,2.9,5.9
Jared Harper,2019-20,PG,22,PHO,1,0,2.0,0.0,1.0,.000,0.0,1.0,.000,0.0,0.0,,.000,0.0,0.0,,0.0,0.0,0.0,0.0,0.0,0.0,0.0,0.0,0.0
Montrezl Harrell,2019-20,C,26,LAC,28,2,29.5,7.8,13.5,.576,0.0,0.4,.000,7.8,13.1,.593,.576,3.6,5.5,.652,2.9,4.7,7.6,2.0,0.8,1.3,1.8,2.4,19.1
Gary Harris,2019-20,SG,25,DEN,25,25,32.5,4.2,10.0,.418,1.6,4.3,.361,2.6,5.6,.461,.496,1.2,1.5,.789,0.6,2.4,2.9,2.2,1.1,0.3,1.0,2.2,11.1
Joe Harris,2019-20,SF,28,BRK,26,26,31.3,5.5,11.4,.481,2.7,6.3,.429,2.8,5.2,.545,.599,0.8,1.0,.815,0.8,2.9,3.8,2.1,0.7,0.3,1.4,2.5,14.5
Tobias Harris,2019-20,PF,27,PHI,28,28,34.3,7.8,16.0,.490,1.4,4.3,.317,6.5,11.7,.554,.532,2.7,3.4,.800,0.7,6.2,6.9,3.3,0.9,0.9,2.0,2.5,19.7
Shaquille Harrison,2019-20,SF,26,CHI,17,4,8.3,1.2,2.9,.408,0.2,0.6,.300,1.0,2.3,.436,.439,0.6,1.1,.611,0.4,1.4,1.8,1.3,0.5,0.2,0.4,0.9,3.2
Josh Hart,2019-20,SF,24,NOP,20,4,27.6,3.9,9.1,.423,2.3,6.3,.365,1.6,2.8,.554,.549,1.5,1.9,.789,1.0,5.0,5.9,1.5,1.1,0.4,1.3,2.9,11.5
Isaiah Hartenstein,2019-20,C,21,HOU,9,0,11.4,1.2,1.8,.688,0.0,0.1,.000,1.2,1.7,.733,.688,1.0,1.2,.818,0.9,2.0,2.9,0.6,0.3,0.4,0.7,1.9,3.4
Udonis Haslem,2019-20,PF,39,MIA,2,0,5.5,0.5,0.5,1.000,0.0,0.0,,0.5,0.5,1.000,1.000,1.5,2.0,.750,0.0,1.5,1.5,0.0,0.0,0.0,0.0,1.5,2.5
Jaxson Hayes,2019-20,C,19,NOP,24,10,21.4,3.5,5.5,.629,0.0,0.1,.000,3.5,5.4,.643,.629,2.2,3.4,.654,1.9,2.8,4.7,0.8,0.8,1.0,0.9,3.1,9.1
Gordon Hayward,2019-20,SF,29,BOS,11,11,30.6,7.3,13.1,.556,1.4,3.5,.395,5.9,9.6,.613,.608,1.6,2.1,.783,0.7,5.4,6.1,4.1,0.7,0.3,1.8,1.8,17.5
John Henson,2019-20,PF,29,CLE,8,0,12.4,2.3,3.6,.621,0.3,0.9,.286,2.0,2.8,.727,.655,0.4,1.4,.273,0.9,1.8,2.6,1.1,0.8,1.0,1.0,1.6,5.1
Dewan Hernandez,2019-20,C,23,TOR,3,0,3.0,0.3,1.7,.200,0.0,0.3,.000,0.3,1.3,.250,.200,0.7,0.7,1.000,0.7,1.7,2.3,0.0,0.3,0.0,0.3,1.7,1.3
Juan Hernangómez,2019-20,PF,24,DEN,16,0,13.9,1.5,3.9,.381,0.8,2.4,.308,0.8,1.5,.500,.476,0.4,0.8,.538,0.6,1.9,2.5,0.7,0.1,0.2,0.6,0.9,4.2
Willy Hernangómez,2019-20,C,25,CHO,9,0,7.1,1.1,2.7,.417,0.2,0.7,.333,0.9,2.0,.444,.458,0.4,0.9,.500,1.0,1.4,2.4,0.3,0.1,0.3,0.6,0.4,2.9
Tyler Herro,2019-20,SG,20,MIA,25,3,28.9,5.0,11.7,.423,2.0,5.4,.375,2.9,6.3,.465,.510,1.9,2.2,.855,0.3,3.6,3.9,1.9,0.7,0.1,1.9,1.3,13.8
Mario Hezonja,2019-20,PF,24,POR,23,4,17.3,1.5,4.3,.357,0.4,1.3,.323,1.1,2.9,.373,.408,1.0,1.2,.815,0.7,3.8,4.5,1.0,0.6,0.1,0.9,2.2,4.4
Buddy Hield,2019-20,SG,27,SAC,26,26,34.4,8.1,18.5,.437,3.9,10.4,.376,4.2,8.1,.514,.543,1.8,2.1,.855,1.0,4.1,5.1,2.9,0.8,0.3,2.6,2.6,21.9
George Hill,2019-20,PG,33,MIL,25,0,21.4,3.3,6.1,.542,1.6,2.9,.534,1.8,3.2,.550,.670,1.4,1.7,.833,1.1,2.0,3.1,3.1,0.8,0.1,0.8,1.6,9.6
Solomon Hill,2019-20,SF,28,MEM,24,1,20.2,2.3,5.5,.417,1.3,3.2,.395,1.0,2.3,.446,.530,0.5,0.8,.611,0.6,2.7,3.3,2.0,1.0,0.1,0.9,1.6,6.3
Jaylen Hoard,2019-20,SF,20,POR,5,0,3.6,0.6,1.2,.500,0.0,0.0,,0.6,1.2,.500,.500,0.2,0.4,.500,0.6,0.8,1.4,0.4,0.2,0.0,0.0,0.2,1.4
Aaron Holiday,2019-20,PG,23,IND,25,9,21.3,3.7,8.7,.424,1.5,3.8,.394,2.2,4.9,.447,.509,1.0,1.1,.857,0.4,2.2,2.6,2.6,0.8,0.1,1.3,1.6,9.8
Jrue Holiday,2019-20,SG,29,NOP,25,25,36.0,7.9,17.4,.454,1.8,5.3,.338,6.1,12.0,.505,.506,1.9,2.8,.671,1.3,3.7,5.0,6.8,1.8,0.8,3.4,2.4,19.4
Justin Holiday,2019-20,SG,30,IND,27,2,25.1,2.8,6.7,.414,1.6,4.1,.382,1.2,2.6,.465,.530,0.7,0.9,.826,0.5,3.3,3.8,1.5,1.1,0.6,0.6,1.7,7.8
Rondae Hollis-Jefferson,2019-20,SF,25,TOR,18,0,19.5,3.2,6.2,.518,0.1,0.4,.143,3.2,5.8,.543,.522,1.7,2.3,.732,2.4,2.9,5.3,1.4,0.7,0.3,1.2,1.8,8.2
Richaun Holmes,2019-20,C,26,SAC,26,22,28.8,5.0,7.5,.668,0.0,0.0,,5.0,7.5,.668,.668,1.9,2.4,.790,2.6,5.7,8.3,1.0,1.1,1.3,1.2,4.1,12.0
Rodney Hood,2019-20,SF,27,POR,21,21,29.5,4.1,8.2,.506,1.7,3.4,.493,2.5,4.8,.515,.608,1.0,1.3,.778,0.5,3.0,3.4,1.5,0.8,0.2,0.9,2.2,11.0
Al Horford,2019-20,C,33,PHI,24,24,30.6,5.6,11.8,.472,1.4,4.1,.343,4.2,7.7,.541,.532,1.0,1.5,.676,1.8,5.2,6.9,3.9,1.1,1.1,1.2,2.4,13.6
Talen Horton-Tucker,2019-20,SG,19,LAL,1,0,2.0,0.0,1.0,.000,0.0,1.0,.000,0.0,0.0,,.000,0.0,0.0,,0.0,0.0,0.0,1.0,0.0,0.0,0.0,0.0,0.0
Danuel House,2019-20,SF,26,HOU,20,18,30.1,3.7,8.3,.442,2.2,5.5,.404,1.5,2.8,.518,.576,1.6,2.0,.800,1.2,3.0,4.2,1.3,1.1,0.6,1.0,2.2,11.1
Dwight Howard,2019-20,C,34,LAL,27,0,20.0,2.6,3.6,.722,0.0,0.1,.333,2.6,3.5,.734,.727,1.3,2.6,.507,2.1,4.9,7.0,0.7,0.4,1.4,1.1,3.6,6.5
Kevin Huerter,2019-20,SG,21,ATL,16,8,23.0,2.8,7.1,.395,1.6,4.4,.357,1.3,2.8,.455,.504,0.9,1.2,.789,0.5,2.8,3.3,3.3,0.8,0.4,1.6,1.9,8.1
De'Andre Hunter,2019-20,SF,22,ATL,26,25,31.9,4.5,11.2,.399,1.8,5.0,.354,2.7,6.2,.435,.478,2.0,2.5,.773,0.5,3.5,4.0,1.9,0.7,0.3,1.7,2.6,12.7
Chandler Hutchison,2019-20,SF,23,CHI,9,6,17.1,2.2,4.9,.455,0.6,1.3,.417,1.7,3.6,.469,.511,2.1,3.2,.655,0.1,3.6,3.7,0.9,0.6,0.2,1.3,1.3,7.1
Serge Ibaka,2019-20,C,30,TOR,15,0,22.0,4.6,10.5,.439,0.8,2.4,.333,3.8,8.1,.471,.478,2.2,2.6,.846,1.9,5.3,7.2,1.3,0.5,1.0,2.0,2.5,12.2
Ersan İlyasova,2019-20,PF,32,MIL,24,1,16.3,2.9,5.6,.515,0.8,2.5,.333,2.0,3.1,.662,.590,1.3,1.5,.838,1.3,3.5,4.8,0.8,0.5,0.3,0.3,1.7,7.9
Joe Ingles,2019-20,SF,32,UTA,26,6,28.3,2.8,7.2,.396,1.5,4.5,.333,1.3,2.7,.500,.500,1.1,1.4,.778,0.3,3.8,4.1,4.2,1.0,0.1,1.8,2.4,8.3
Brandon Ingram,2019-20,PF,22,NOP,23,23,33.3,9.0,18.1,.496,2.3,5.7,.408,6.7,12.5,.537,.560,4.7,5.7,.838,0.8,6.2,7.0,3.7,0.7,0.8,2.9,3.3,25.0
Kyrie Irving,2019-20,PG,27,BRK,11,11,33.8,10.2,22.9,.444,2.8,8.3,.341,7.4,14.6,.503,.506,5.4,5.7,.937,0.9,4.5,5.4,7.2,1.1,0.5,2.4,2.9,28.5
Jonathan Isaac,2019-20,SF,22,ORL,24,24,30.9,4.9,10.7,.459,1.1,3.3,.338,3.8,7.4,.514,.512,1.9,2.3,.821,1.7,5.6,7.3,1.4,1.3,2.7,1.5,2.4,12.9
Wesley Iwundu,2019-20,SF,25,ORL,13,3,14.0,1.1,3.4,.318,0.1,0.9,.083,1.0,2.5,.406,.330,1.2,1.4,.833,0.4,1.7,2.1,0.8,0.5,0.2,0.5,0.8,3.4
Frank Jackson,2019-20,PG,21,NOP,23,1,14.3,2.3,6.2,.373,0.9,2.9,.303,1.4,3.3,.434,.444,1.1,1.4,.813,0.2,1.1,1.3,1.0,0.4,0.0,1.0,1.5,6.6
Jaren Jackson,2019-20,C,20,MEM,25,25,27.2,6.4,13.4,.475,2.4,6.0,.400,4.0,7.4,.535,.564,2.4,3.2,.772,1.1,3.7,4.8,1.5,0.5,1.2,1.9,4.2,17.6
Justin Jackson,2019-20,PF,24,DAL,24,0,14.3,2.3,5.2,.448,1.0,2.5,.377,1.4,2.7,.516,.540,0.4,0.5,.769,0.4,2.1,2.5,0.4,0.2,0.1,0.2,1.2,6.0
Reggie Jackson,2019-20,PG,29,DET,2,2,18.0,2.0,5.5,.364,0.5,2.5,.200,1.5,3.0,.500,.409,0.5,0.5,1.000,0.5,2.0,2.5,4.0,0.0,0.0,0.5,1.0,5.0
Justin James,2019-20,SG,23,SAC,12,0,11.9,1.5,3.7,.409,0.3,1.2,.214,1.3,2.5,.500,.443,0.1,0.5,.167,0.2,1.5,1.7,0.8,0.3,0.5,0.4,1.0,3.3
LeBron James,2019-20,PG,35,LAL,27,27,34.7,10.1,20.1,.502,2.3,6.2,.365,7.9,14.0,.562,.558,3.7,5.4,.683,1.0,6.3,7.3,10.7,1.3,0.6,4.0,1.7,26.1
Amile Jefferson,2019-20,PF,26,ORL,6,0,2.8,0.5,0.7,.750,0.0,0.0,,0.5,0.7,.750,.750,0.0,0.3,.000,0.5,0.3,0.8,0.3,0.0,0.0,0.2,0.5,1.0
DaQuan Jeffries,2019-20,SG,22,SAC,2,0,5.5,0.5,0.5,1.000,0.0,0.0,,0.5,0.5,1.000,1.000,0.0,0.0,,0.5,0.0,0.5,0.5,0.0,0.0,0.0,0.5,1.0
Ty Jerome,2019-20,PG,22,PHO,6,0,12.8,1.0,4.0,.250,0.5,1.5,.333,0.5,2.5,.200,.313,0.3,0.3,1.000,0.0,1.7,1.7,2.2,1.5,0.0,1.0,1.7,2.8
Alize Johnson,2019-20,SF,23,IND,9,0,4.3,0.6,1.2,.455,0.0,0.0,,0.6,1.2,.455,.455,0.3,0.4,.750,0.7,0.8,1.4,0.2,0.0,0.0,0.1,0.7,1.4
B.J. Johnson,2019-20,SF,24,ORL,1,0,3.0,0.0,0.0,,0.0,0.0,,0.0,0.0,,,0.0,0.0,,0.0,0.0,0.0,0.0,0.0,0.0,0.0,0.0,0.0
Cameron Johnson,2019-20,PF,23,PHO,23,0,20.7,3.2,7.3,.435,2.0,4.9,.407,1.2,2.4,.491,.571,0.9,1.0,.870,1.0,2.2,3.2,0.9,0.6,0.3,0.7,1.7,9.2
James Johnson,2019-20,PF,32,MIA,6,0,11.3,1.3,3.0,.444,0.3,1.5,.222,1.0,1.5,.667,.500,0.3,0.7,.500,0.3,1.5,1.8,0.7,0.5,0.3,0.7,0.8,3.3
Keldon Johnson,2019-20,SF,20,SAS,1,0,2.0,0.0,1.0,.000,0.0,0.0,,0.0,1.0,.000,.000,0.0,0.0,,0.0,0.0,0.0,0.0,0.0,0.0,0.0,0.0,0.0
Stanley Johnson,2019-20,PF,23,TOR,5,0,3.8,0.6,1.8,.333,0.2,0.8,.250,0.4,1.0,.400,.389,0.0,0.0,,0.4,1.0,1.4,0.0,0.2,0.0,0.8,1.2,1.4
Tyler Johnson,2019-20,SG,27,PHO,20,3,19.0,2.2,5.8,.379,0.9,2.9,.310,1.3,2.9,.448,.457,1.0,1.3,.769,0.3,1.6,1.8,2.1,0.4,0.4,1.0,1.5,6.3
Nikola Jokić,2019-20,C,24,DEN,25,25,31.4,6.9,14.4,.481,1.1,4.1,.262,5.8,10.3,.568,.518,2.1,2.7,.779,2.1,8.0,10.2,6.5,1.0,0.6,2.5,3.0,17.0
Damian Jones,2019-20,C,24,ATL,26,18,18.7,3.1,4.3,.717,0.1,0.2,.400,3.0,4.2,.731,.726,1.3,2.0,.686,1.5,2.4,4.0,0.7,0.4,0.9,0.7,3.5,7.7
Derrick Jones,2019-20,SF,22,MIA,12,0,18.6,2.3,4.6,.491,0.4,1.5,.278,1.8,3.1,.595,.536,1.4,2.0,.708,0.5,2.4,2.9,1.2,1.1,0.3,0.7,2.3,6.3
Tyus Jones,2019-20,PG,23,MEM,26,6,20.3,2.5,6.3,.402,0.4,1.6,.244,2.2,4.7,.455,.433,0.7,1.0,.731,0.0,1.5,1.5,5.0,0.9,0.1,1.2,0.9,6.2
DeAndre Jordan,2019-20,C,31,BRK,23,3,21.4,3.4,5.2,.664,0.0,0.0,,3.4,5.2,.664,.664,1.5,2.2,.667,2.7,7.0,9.7,2.0,0.4,1.0,1.0,2.1,8.3
Cory Joseph,2019-20,PG,28,SAC,26,17,26.6,2.4,6.5,.367,0.6,2.0,.288,1.8,4.5,.402,.411,0.7,0.7,1.000,0.5,2.2,2.6,3.8,0.8,0.5,1.3,2.0,6.0
Mfiondu Kabengele,2019-20,C,22,LAC,9,0,4.2,0.9,2.1,.421,0.6,1.2,.455,0.3,0.9,.375,.553,0.3,0.3,1.000,0.1,0.7,0.8,0.1,0.1,0.1,0.1,0.4,2.7
Frank Kaminsky,2019-20,C,26,PHO,25,12,24.0,4.2,9.2,.452,1.3,3.8,.340,2.9,5.4,.529,.522,1.9,2.9,.644,1.0,4.3,5.3,2.3,0.4,0.4,1.0,2.2,11.5
Enes Kanter,2019-20,C,27,BOS,17,3,16.3,3.2,5.4,.604,0.0,0.1,.000,3.2,5.2,.618,.604,1.4,2.2,.649,2.5,3.5,6.0,1.1,0.6,0.6,0.7,1.5,7.9
Luke Kennard,2019-20,SG,23,DET,25,22,32.9,5.5,12.5,.439,2.6,6.5,.399,2.9,6.0,.483,.543,2.6,2.9,.904,0.2,3.2,3.4,4.1,0.5,0.2,1.4,2.3,16.2
Stanton Kidd,2019-20,SF,27,UTA,4,0,3.8,0.0,0.8,.000,0.0,0.3,.000,0.0,0.5,.000,.000,0.0,0.0,,0.0,0.8,0.8,0.3,0.0,0.0,0.5,0.8,0.0
Michael Kidd-Gilchrist,2019-20,PF,26,CHO,7,0,16.3,1.7,6.0,.286,0.4,2.0,.214,1.3,4.0,.321,.321,0.7,1.0,.714,1.1,3.0,4.1,1.0,0.0,0.3,0.9,2.0,4.6
Maxi Kleber,2019-20,C,28,DAL,24,5,24.3,2.8,6.4,.444,1.4,3.7,.382,1.4,2.7,.531,.556,1.2,1.3,.906,1.6,3.8,5.4,1.0,0.3,0.7,0.7,1.9,8.3
Brandon Knight,2019-20,PG,28,CLE,9,0,11.3,1.7,4.8,.349,1.2,3.7,.333,0.4,1.1,.400,.477,0.3,0.9,.375,0.1,0.8,0.9,1.8,0.4,0.0,0.8,1.0,4.9
Kevin Knox,2019-20,SF,20,NYK,26,3,19.8,2.5,6.7,.370,1.2,3.5,.326,1.3,3.1,.420,.457,1.2,1.9,.653,0.5,2.4,2.9,1.2,0.5,0.4,0.7,1.6,7.3
John Konchar,2019-20,SG,23,MEM,1,0,7.0,0.0,0.0,,0.0,0.0,,0.0,0.0,,,0.0,0.0,,0.0,0.0,0.0,0.0,0.0,0.0,0.0,0.0,0.0
Furkan Korkmaz,2019-20,SG,22,PHI,27,11,21.5,2.9,6.9,.427,1.5,4.3,.357,1.4,2.6,.543,.538,0.6,0.8,.810,0.1,2.1,2.3,0.9,0.4,0.2,0.7,1.5,8.0
Luke Kornet,2019-20,C,24,CHI,14,0,10.1,1.1,3.4,.313,0.4,1.9,.185,0.7,1.5,.476,.365,0.4,0.4,1.000,0.4,1.1,1.6,0.4,0.1,0.7,0.2,0.9,2.9
Kyle Korver,2019-20,SF,38,MIL,22,0,15.4,1.8,4.8,.368,1.5,4.0,.360,0.3,0.8,.412,.519,0.4,0.5,.818,0.3,1.4,1.6,0.8,0.5,0.2,0.9,1.0,5.4
Rodions Kurucs,2019-20,PF,21,BRK,12,0,10.2,0.8,2.3,.357,0.3,0.8,.444,0.5,1.6,.316,.429,0.3,0.7,.375,0.6,2.1,2.7,0.3,0.5,0.1,1.3,1.7,2.3
Kyle Kuzma,2019-20,PF,24,LAL,20,1,23.1,4.1,9.4,.433,1.6,4.5,.360,2.5,4.9,.500,.519,1.4,2.0,.692,0.4,3.0,3.4,0.9,0.3,0.4,1.8,1.7,11.1
Skal Labissière,2019-20,C,23,POR,26,0,17.0,2.4,4.3,.549,0.1,0.3,.222,2.3,4.0,.577,.558,0.6,0.8,.682,2.0,3.1,5.1,1.2,0.2,0.9,0.9,2.6,5.4
Jeremy Lamb,2019-20,SG,27,IND,18,18,31.1,5.6,12.1,.459,1.2,3.9,.300,4.4,8.2,.534,.507,2.3,2.8,.820,0.6,4.3,4.9,2.6,1.1,0.6,1.4,2.1,14.6
Romeo Langford,2019-20,SG,20,BOS,1,0,0.0,0.0,0.0,,0.0,0.0,,0.0,0.0,,,0.0,0.0,,0.0,0.0,0.0,0.0,0.0,0.0,0.0,0.0,0.0
Zach LaVine,2019-20,SG,24,CHI,28,28,32.7,7.7,17.9,.431,3.1,7.5,.411,4.6,10.4,.445,.517,4.1,5.1,.811,0.8,3.7,4.5,3.9,1.3,0.5,3.3,2.4,22.6
Jake Layman,2019-20,PF,25,MIN,14,2,26.4,4.4,9.4,.462,1.4,3.9,.352,3.0,5.6,.538,.534,0.4,0.7,.600,0.9,2.1,2.9,0.8,0.9,0.7,1.3,2.2,10.5
T.J. Leaf,2019-20,PF,22,IND,17,1,9.6,1.5,3.4,.448,0.3,0.6,.455,1.2,2.8,.447,.491,0.3,0.5,.625,1.2,2.2,3.4,0.4,0.4,0.2,0.4,0.9,3.6
Courtney Lee,2019-20,SG,34,DAL,7,3,8.9,1.9,3.1,.591,1.0,1.7,.583,0.9,1.4,.600,.750,0.0,0.0,,0.0,0.4,0.4,0.4,0.0,0.3,0.1,0.7,4.7
Damion Lee,2019-20,SG,27,GSW,14,1,22.6,3.6,8.9,.411,1.1,3.4,.313,2.6,5.4,.474,.472,2.4,2.9,.825,0.8,2.9,3.7,1.8,0.6,0.0,1.1,1.5,10.7
Alex Len,2019-20,C,26,ATL,26,9,17.6,3.3,6.2,.531,0.3,1.3,.242,3.0,4.9,.606,.556,1.3,2.0,.686,1.6,3.4,5.0,1.1,0.5,0.8,0.8,2.1,8.2
Kawhi Leonard,2019-20,SF,28,LAC,20,20,31.5,9.0,19.9,.450,1.8,4.9,.357,7.2,15.0,.480,.494,6.2,7.0,.879,1.1,6.8,7.9,5.1,1.8,0.7,3.6,2.1,25.8
Meyers Leonard,2019-20,PF,27,MIA,26,26,17.9,2.3,4.0,.581,0.9,1.9,.490,1.4,2.2,.661,.695,0.2,0.3,.556,0.3,3.8,4.1,1.0,0.3,0.4,0.7,2.0,5.8
Caris LeVert,2019-20,SG,25,BRK,9,9,31.6,6.6,15.6,.421,1.4,4.0,.361,5.1,11.6,.442,.468,2.2,3.4,.645,1.1,3.9,5.0,4.0,0.7,0.1,3.4,2.2,16.8
Damian Lillard,2019-20,PG,29,POR,24,24,36.6,8.2,18.4,.443,3.3,9.1,.362,4.9,9.3,.522,.533,6.7,7.3,.909,0.5,3.9,4.4,7.5,1.0,0.4,2.8,2.0,26.3
Nassir Little,2019-20,PF,19,POR,18,3,15.0,1.7,4.2,.408,0.3,1.7,.167,1.4,2.6,.565,.441,0.8,1.2,.682,1.1,2.3,3.4,0.7,0.4,0.4,0.5,1.9,4.6
Kevon Looney,2019-20,C,23,GSW,8,3,11.4,1.1,3.5,.321,0.1,0.3,.500,1.0,3.3,.308,.339,0.4,0.6,.600,1.5,1.5,3.0,0.4,0.4,0.3,0.8,1.8,2.8
Brook Lopez,2019-20,C,31,MIL,25,25,26.2,3.3,8.5,.392,1.4,4.8,.300,1.9,3.7,.511,.476,1.8,2.0,.900,0.6,4.4,5.0,1.5,0.6,2.3,1.0,2.4,9.9
Robin Lopez,2019-20,C,31,MIL,27,2,14.5,2.2,4.4,.492,0.5,1.7,.298,1.7,2.7,.616,.550,0.5,0.8,.636,1.1,1.9,2.9,0.7,0.2,0.7,1.2,1.6,5.4
Kevin Love,2019-20,PF,31,CLE,22,22,30.5,5.2,11.8,.438,2.1,5.7,.365,3.1,6.1,.507,.527,3.7,4.4,.854,1.1,9.7,10.8,2.6,0.6,0.4,2.7,1.4,16.2
Kyle Lowry,2019-20,PG,33,TOR,14,14,37.3,5.5,13.6,.405,2.8,8.2,.339,2.7,5.4,.507,.508,5.1,5.7,.900,0.6,4.1,4.7,6.8,1.3,0.4,3.0,2.8,18.9
Timothé Luwawu-Cabarrot,2019-20,SG,24,BRK,4,0,11.5,1.5,3.5,.429,0.3,1.5,.167,1.3,2.0,.625,.464,0.8,1.0,.750,0.0,1.5,1.5,0.3,0.3,0.0,1.0,0.5,4.0
Trey Lyles,2019-20,PF,24,SAS,25,15,16.8,1.6,3.8,.432,0.8,2.1,.358,0.9,1.7,.524,.532,0.2,0.4,.556,1.3,4.7,6.0,1.2,0.3,0.3,0.8,1.2,4.2
Daryl Macon,2019-20,SG,24,MIA,4,0,3.5,0.3,0.8,.333,0.3,0.5,.500,0.0,0.3,.000,.500,0.0,0.0,,0.0,0.0,0.0,0.3,0.0,0.0,0.5,0.3,0.8
Josh Magette,2019-20,PG,30,ORL,3,0,3.3,0.7,2.0,.333,0.0,0.0,,0.7,2.0,.333,.333,0.3,0.7,.500,0.3,0.7,1.0,0.7,0.7,0.0,1.0,0.0,1.7
Ian Mahinmi,2019-20,C,33,WAS,4,1,17.0,2.5,4.8,.526,0.0,0.5,.000,2.5,4.3,.588,.526,2.3,3.0,.750,2.0,2.3,4.3,0.8,0.3,1.5,1.3,2.8,7.3
Thon Maker,2019-20,C,22,DET,24,1,10.7,1.0,2.0,.521,0.3,0.6,.500,0.8,1.4,.529,.594,0.8,1.4,.545,0.5,1.3,1.8,0.4,0.3,0.7,0.5,1.4,3.1
Terance Mann,2019-20,SG,23,LAC,22,5,9.2,1.0,1.9,.500,0.1,0.4,.222,0.9,1.5,.576,.524,0.4,0.5,.800,0.1,1.0,1.1,1.3,0.3,0.1,0.5,1.2,2.4
Boban Marjanović,2019-20,C,31,DAL,10,1,13.1,3.1,5.6,.554,0.0,0.1,.000,3.1,5.5,.564,.554,1.3,1.6,.813,1.5,4.0,5.5,0.7,0.2,0.3,0.9,1.8,7.5
Lauri Markkanen,2019-20,PF,22,CHI,28,28,30.1,4.6,11.6,.394,2.0,6.0,.331,2.6,5.6,.462,.480,3.1,3.9,.815,1.1,5.9,6.9,1.8,0.9,0.5,1.9,2.1,14.3
Caleb Martin,2019-20,SF,24,CHO,5,0,6.4,0.6,2.0,.300,0.0,0.6,.000,0.6,1.4,.429,.300,0.6,1.0,.600,0.2,0.8,1.0,0.6,0.2,0.4,0.6,0.6,1.8
Cody Martin,2019-20,SF,24,CHO,20,0,13.0,1.1,2.8,.375,0.2,1.2,.167,0.9,1.6,.531,.411,1.0,1.5,.690,0.5,1.9,2.4,1.2,0.8,0.2,0.6,1.3,3.3
Kelan Martin,2019-20,SF,24,MIN,9,0,13.7,1.7,4.9,.341,0.6,2.7,.208,1.1,2.2,.500,.398,0.0,0.0,,0.2,2.7,2.9,0.3,0.1,0.1,0.4,2.2,3.9
Frank Mason,2019-20,PG,25,MIL,3,0,4.3,0.3,1.3,.250,0.3,0.7,.500,0.0,0.7,.000,.375,0.3,0.7,.500,0.0,0.3,0.3,1.3,0.3,0.0,0.3,0.7,1.3
Garrison Mathews,2019-20,SG,23,WAS,3,0,6.3,0.3,1.0,.333,0.3,1.0,.333,0.0,0.0,,.500,0.0,0.0,,0.0,0.7,0.7,0.7,0.0,0.0,0.7,1.0,1.0
Wesley Matthews,2019-20,SG,33,MIL,27,27,23.7,2.7,6.1,.434,1.6,4.2,.377,1.1,1.9,.558,.563,0.9,1.0,.852,0.2,2.2,2.4,1.4,0.6,0.1,0.7,1.4,7.8
Patrick McCaw,2019-20,SF,24,TOR,4,0,19.5,1.0,3.5,.286,0.3,2.0,.125,0.8,1.5,.500,.321,0.3,0.5,.500,0.8,1.3,2.0,1.5,0.8,0.0,1.3,1.3,2.5
CJ McCollum,2019-20,SG,28,POR,26,26,36.2,8.6,19.2,.447,2.6,6.8,.376,6.0,12.3,.486,.514,1.7,2.1,.796,0.8,3.6,4.3,3.7,0.7,0.8,2.0,2.8,21.4
T.J. McConnell,2019-20,PG,27,IND,25,0,17.6,3.0,6.2,.494,0.0,0.2,.200,3.0,6.0,.503,.497,0.5,0.5,.923,0.4,2.2,2.6,5.0,0.6,0.2,1.4,1.2,6.6
Jalen McDaniels,2019-20,PF,22,CHO,2,0,3.5,1.0,2.5,.400,0.0,0.5,.000,1.0,2.0,.500,.400,0.0,0.0,,0.5,0.0,0.5,0.0,0.0,0.0,0.0,0.0,2.0
Doug McDermott,2019-20,PF,28,IND,27,0,21.0,3.6,7.6,.468,1.8,3.8,.476,1.7,3.8,.461,.588,0.6,0.7,.800,0.5,2.4,2.9,1.1,0.1,0.1,0.8,2.0,9.5
JaVale McGee,2019-20,C,32,LAL,27,27,16.4,3.2,5.0,.632,0.0,0.0,,3.2,5.0,.632,.632,0.8,1.2,.636,2.0,4.2,6.1,0.6,0.6,1.3,0.9,2.3,7.1
Rodney McGruder,2019-20,SG,28,LAC,17,2,17.6,1.4,3.9,.358,0.6,2.3,.282,0.8,1.6,.464,.440,0.3,0.6,.500,0.7,1.8,2.5,0.8,0.4,0.2,0.4,1.8,3.8
Alfonzo McKinnie,2019-20,SF,27,CLE,18,0,10.1,0.9,2.9,.327,0.4,1.4,.320,0.5,1.5,.333,.404,0.4,0.6,.636,0.6,1.4,2.1,0.2,0.3,0.2,0.4,1.2,2.7
Jordan McLaughlin,2019-20,PG,23,MIN,4,0,14.3,1.0,3.8,.267,0.3,2.0,.125,0.8,1.8,.429,.300,0.5,0.5,1.000,0.3,1.5,1.8,2.0,0.3,0.0,1.0,1.0,2.8
Ben McLemore,2019-20,SG,26,HOU,26,8,23.4,3.4,8.1,.417,2.5,6.9,.363,0.9,1.2,.719,.571,1.1,1.3,.829,0.3,2.0,2.3,1.0,0.7,0.3,0.8,2.0,10.4
Jordan McRae,2019-20,SG,28,WAS,13,0,18.1,3.3,7.0,.473,1.0,2.5,.394,2.3,4.5,.517,.544,1.3,1.5,.895,0.2,2.2,2.4,2.8,0.6,0.3,1.1,2.0,8.9
Nicolò Melli,2019-20,C,29,NOP,23,3,15.1,1.8,4.4,.402,1.0,3.0,.314,0.8,1.4,.594,.510,0.8,1.0,.792,0.6,2.0,2.6,1.1,0.6,0.2,0.8,1.8,5.3
De'Anthony Melton,2019-20,PG,21,MEM,15,0,15.7,2.1,5.1,.408,0.4,1.4,.286,1.7,3.7,.455,.447,1.3,1.5,.864,0.7,2.7,3.4,3.1,1.2,0.3,1.5,2.1,5.8
Chimezie Metu,2019-20,PF,22,SAS,6,0,3.5,1.2,2.0,.583,0.0,0.0,,1.2,2.0,.583,.583,0.3,0.7,.500,1.2,0.7,1.8,0.3,0.0,0.3,0.0,0.0,2.7
Khris Middleton,2019-20,SF,28,MIL,20,17,27.7,7.0,13.9,.500,2.2,5.2,.413,4.8,8.7,.552,.577,2.6,2.9,.895,0.7,4.7,5.4,3.5,0.9,0.1,1.9,2.3,18.6
C.J. Miles,2019-20,SG,32,WAS,10,0,16.1,1.9,5.9,.322,1.1,3.5,.314,0.8,2.4,.333,.415,1.5,2.0,.750,0.4,0.8,1.2,1.2,1.0,0.4,0.4,1.4,6.4
Malcolm Miller,2019-20,SF,26,TOR,11,1,5.3,0.5,1.1,.500,0.5,0.9,.500,0.1,0.2,.500,.708,0.1,0.5,.167,0.0,0.6,0.6,0.4,0.0,0.2,0.2,0.5,1.6
Patty Mills,2019-20,PG,31,SAS,25,1,23.9,4.1,9.0,.456,2.2,5.2,.420,1.9,3.8,.505,.577,1.2,1.6,.795,0.2,1.3,1.5,2.2,0.9,0.2,1.0,1.6,11.7
Paul Millsap,2019-20,PF,34,DEN,23,23,25.3,4.3,9.1,.476,1.1,2.4,.455,3.3,6.7,.484,.536,2.8,3.2,.878,2.0,3.9,5.8,1.2,0.9,0.8,1.3,2.7,12.6
Shake Milton,2019-20,SG,23,PHI,9,0,9.1,1.3,3.9,.343,0.4,2.1,.211,0.9,1.8,.500,.400,0.8,1.0,.778,0.1,0.8,0.9,0.8,0.1,0.0,1.3,1.4,3.9
Donovan Mitchell,2019-20,SG,23,UTA,26,26,34.7,9.2,20.6,.449,2.3,6.3,.362,7.0,14.3,.487,.504,4.3,5.1,.835,0.9,3.8,4.7,3.7,1.2,0.3,2.4,2.3,25.0
Naz Mitrou-Long,2019-20,SG,26,IND,3,0,14.3,2.0,5.3,.375,0.7,3.7,.182,1.3,1.7,.800,.438,0.0,0.0,,0.0,2.0,2.0,2.3,0.3,0.3,0.7,0.3,4.7
Malik Monk,2019-20,SG,21,CHO,28,0,20.2,3.5,8.0,.433,1.0,3.8,.257,2.5,4.3,.588,.493,1.2,1.4,.850,0.3,2.3,2.6,2.2,0.4,0.2,1.4,1.6,9.1
E'Twaun Moore,2019-20,SG,30,NOP,16,3,20.4,3.7,8.8,.421,1.3,3.4,.382,2.4,5.3,.447,.496,0.9,1.4,.636,0.8,2.4,3.2,1.4,0.5,0.1,0.7,1.7,9.6
Ja Morant,2019-20,PG,20,MEM,20,20,29.0,6.8,14.6,.462,1.0,2.4,.426,5.8,12.3,.469,.497,4.2,5.3,.800,0.8,2.4,3.2,6.4,1.4,0.3,3.3,1.6,18.7
Juwan Morgan,2019-20,PF,22,UTA,3,0,3.0,0.0,0.0,,0.0,0.0,,0.0,0.0,,,0.0,0.0,,0.0,0.7,0.7,0.0,0.0,0.0,0.3,0.3,0.0
Marcus Morris,2019-20,SF,30,NYK,25,25,32.5,6.1,14.3,.427,2.8,5.9,.473,3.3,8.4,.395,.525,3.7,4.3,.852,1.2,4.6,5.8,1.4,0.9,0.5,1.8,3.2,18.7
Markieff Morris,2019-20,PF,30,DET,25,12,22.1,3.9,8.3,.473,1.6,4.0,.414,2.3,4.3,.528,.572,1.1,1.5,.730,0.6,3.4,4.0,1.5,0.6,0.2,1.8,2.2,10.6
Monte Morris,2019-20,PG,24,DEN,25,0,18.0,2.8,6.5,.429,0.5,1.4,.371,2.3,5.1,.445,.469,1.0,1.3,.758,0.2,1.4,1.6,3.4,0.5,0.3,0.8,0.8,7.1
Johnathan Motley,2019-20,PF,24,LAC,3,0,2.3,0.3,1.0,.333,0.3,0.3,1.000,0.0,0.7,.000,.500,0.0,0.0,,0.3,0.3,0.7,0.7,0.3,0.0,1.0,0.3,1.0
Emmanuel Mudiay,2019-20,PG,23,UTA,23,0,16.1,2.7,5.9,.463,0.5,1.5,.324,2.3,4.4,.510,.504,1.3,1.6,.784,0.3,2.3,2.6,2.4,0.3,0.3,1.7,1.7,7.2
Dejounte Murray,2019-20,PG,23,SAS,22,14,22.7,3.9,8.5,.462,0.2,1.2,.192,3.7,7.3,.506,.476,1.9,2.4,.774,1.1,5.0,6.1,4.1,1.7,0.3,2.2,2.3,9.9
Jamal Murray,2019-20,PG,22,DEN,25,25,31.5,6.4,14.9,.429,1.6,5.0,.331,4.8,10.0,.478,.484,2.4,2.8,.884,0.8,3.6,4.4,4.6,1.4,0.3,2.2,1.7,16.9
Džanan Musa,2019-20,SF,20,BRK,21,0,14.3,1.4,4.6,.309,0.4,2.3,.184,1.0,2.3,.438,.356,1.1,1.5,.742,0.5,2.0,2.4,1.1,0.4,0.0,1.1,0.8,4.4
Mike Muscala,2019-20,C,28,OKC,16,0,11.1,1.2,3.8,.311,0.8,2.9,.261,0.4,0.9,.467,.410,0.4,0.5,.875,0.4,1.9,2.3,0.9,0.3,0.2,0.4,1.3,3.6
Sviatoslav Mykhailiuk,2019-20,SF,22,DET,21,1,16.3,1.8,4.2,.416,1.4,3.1,.439,0.4,1.1,.348,.579,0.2,0.3,.833,0.2,1.0,1.1,1.2,0.4,0.0,0.8,1.1,5.1
Abdel Nader,2019-20,SF,26,OKC,18,5,17.9,2.7,5.3,.505,1.2,2.6,.468,1.4,2.7,.542,.621,1.3,1.5,.852,0.3,1.6,1.9,0.6,0.4,0.3,1.1,1.6,7.8
Larry Nance,2019-20,C,27,CLE,24,4,25.3,3.5,6.9,.500,1.1,3.1,.365,2.3,3.8,.609,.581,1.0,1.5,.714,1.8,5.6,7.4,1.5,0.8,0.5,1.0,1.6,9.1
Shabazz Napier,2019-20,PG,28,MIN,13,0,17.4,2.1,5.8,.360,0.8,3.7,.229,1.2,2.1,.593,.433,1.6,1.8,.875,0.1,1.8,1.8,3.1,1.1,0.2,1.7,1.2,6.6
Raul Neto,2019-20,PG,27,PHI,25,2,12.5,1.7,3.5,.494,0.6,1.3,.485,1.1,2.2,.500,.586,0.2,0.2,.667,0.1,1.0,1.2,1.6,0.5,0.1,1.0,0.7,4.2
Georges Niang,2019-20,PF,26,UTA,20,0,12.0,1.6,3.4,.478,0.9,2.2,.419,0.7,1.2,.583,.612,0.4,0.5,.700,0.1,1.7,1.8,0.5,0.1,0.2,0.5,1.4,4.5
Nerlens Noel,2019-20,C,25,OKC,24,3,18.5,3.0,4.5,.651,0.0,0.0,,3.0,4.5,.651,.651,1.6,2.0,.813,1.4,3.5,4.9,1.4,1.0,1.5,1.0,2.8,7.5
Zach Norvell,2019-20,SG,22,LAL,2,0,2.5,0.0,0.5,.000,0.0,0.0,,0.0,0.5,.000,.000,0.0,0.0,,0.0,0.5,0.5,0.0,0.0,0.0,0.0,0.0,0.0
Jaylen Nowell,2019-20,SG,20,MIN,2,0,7.5,0.5,2.0,.250,0.0,1.5,.000,0.5,0.5,1.000,.250,0.5,0.5,1.000,0.0,0.5,0.5,1.5,0.0,0.0,0.5,0.5,1.5
Frank Ntilikina,2019-20,PG,21,NYK,25,21,24.6,2.3,6.1,.382,0.8,2.6,.328,1.5,3.5,.420,.451,0.6,0.8,.800,0.4,1.7,2.0,3.1,1.4,0.4,1.2,2.6,6.1
Kendrick Nunn,2019-20,SG,24,MIA,26,26,31.0,6.4,14.2,.449,2.1,6.0,.350,4.3,8.2,.521,.523,1.2,1.5,.816,0.3,2.5,2.8,3.6,1.1,0.3,2.1,2.7,16.1
David Nwaba,2019-20,SF,27,BRK,18,0,13.0,1.8,3.4,.516,0.6,1.3,.435,1.2,2.2,.564,.597,0.8,1.2,.636,0.4,1.8,2.2,0.3,0.5,0.6,0.4,1.5,4.9
Royce O'Neale,2019-20,PF,26,UTA,26,24,28.6,2.2,4.7,.463,1.3,2.8,.446,0.9,1.9,.490,.598,0.5,0.5,.857,0.2,4.4,4.6,2.6,0.8,0.2,0.8,3.0,6.1
Kyle O'Quinn,2019-20,C,29,PHI,17,0,9.9,1.4,2.8,.500,0.4,0.9,.375,1.1,1.9,.563,.563,0.2,0.5,.375,1.1,2.5,3.6,1.4,0.1,0.8,0.9,1.4,3.4
Semi Ojeleye,2019-20,PF,25,BOS,24,1,15.5,0.9,2.3,.400,0.5,1.5,.343,0.4,0.8,.500,.509,0.3,0.4,.700,0.3,1.7,2.0,0.5,0.4,0.1,0.2,1.3,2.6
Jahlil Okafor,2019-20,C,24,NOP,17,8,18.2,3.5,5.8,.612,0.1,0.1,.500,3.5,5.6,.615,.617,1.6,2.5,.667,1.7,2.9,4.6,1.7,0.3,0.9,1.5,2.9,8.8
Elie Okobo,2019-20,PG,22,PHO,17,0,9.8,1.4,3.4,.397,0.6,1.5,.385,0.8,1.9,.406,.483,0.8,1.5,.560,0.1,0.8,0.9,2.3,0.2,0.0,0.2,0.6,4.1
Josh Okogie,2019-20,SG,21,MIN,23,8,25.5,2.8,6.5,.430,0.8,2.6,.317,2.0,3.9,.506,.493,2.7,3.3,.792,1.4,3.6,5.0,1.6,1.0,0.3,1.5,2.3,9.0
KZ Okpala,2019-20,SF,20,MIA,3,0,1.0,0.0,0.0,,0.0,0.0,,0.0,0.0,,,0.0,0.0,,0.0,0.3,0.3,0.0,0.0,0.0,0.3,0.0,0.0
Kelly Olynyk,2019-20,C,28,MIA,26,0,23.2,3.0,6.5,.465,1.6,3.8,.420,1.4,2.7,.529,.588,1.6,1.8,.891,1.0,4.1,5.0,1.4,0.9,0.3,1.3,2.7,9.3
Miye Oni,2019-20,SG,22,UTA,3,0,2.7,0.0,0.0,,0.0,0.0,,0.0,0.0,,,0.0,0.0,,0.0,0.3,0.3,0.0,0.0,0.0,0.3,0.0,0.0
Cedi Osman,2019-20,SF,24,CLE,26,26,28.9,3.4,8.2,.411,1.6,4.4,.360,1.8,3.8,.470,.507,0.8,1.2,.656,0.3,3.0,3.3,2.2,1.0,0.3,1.3,2.2,9.2
Kelly Oubre,2019-20,SF,24,PHO,25,25,32.8,6.0,13.8,.439,1.5,4.7,.322,4.5,9.0,.500,.494,3.8,4.7,.797,1.4,5.0,6.3,1.4,1.3,0.8,1.6,3.3,17.4
Jabari Parker,2019-20,PF,24,ATL,27,22,27.7,6.6,13.0,.506,1.1,3.7,.287,5.5,9.2,.594,.547,1.8,2.5,.716,1.7,4.6,6.3,1.7,1.4,0.6,1.9,3.1,16.0
Chandler Parsons,2019-20,SF,31,ATL,4,0,10.8,1.3,3.5,.357,1.0,3.0,.333,0.3,0.5,.500,.500,0.0,0.0,,0.3,1.3,1.5,0.5,1.0,0.0,0.5,0.8,3.5
Eric Paschall,2019-20,PF,23,GSW,25,19,30.9,6.0,12.1,.493,0.7,2.4,.288,5.3,9.7,.543,.522,3.5,4.4,.807,1.4,3.6,5.0,1.7,0.4,0.4,1.6,2.0,16.1
Patrick Patterson,2019-20,PF,30,LAC,25,12,14.9,1.7,4.3,.393,1.3,3.3,.402,0.4,1.0,.360,.547,0.7,1.0,.708,0.7,2.4,3.2,0.8,0.2,0.1,0.3,0.8,5.4
Justin Patton,2019-20,C,22,OKC,2,0,4.5,0.5,1.5,.333,0.0,0.5,.000,0.5,1.0,.500,.333,0.0,0.0,,0.0,1.0,1.0,0.0,0.0,0.0,0.5,2.0,1.0
Chris Paul,2019-20,PG,34,OKC,25,25,31.2,5.2,11.4,.454,1.5,4.2,.352,3.7,7.2,.514,.519,3.8,4.3,.889,0.2,4.0,4.2,6.3,1.7,0.2,1.7,2.4,15.6
Elfrid Payton,2019-20,PG,25,NYK,10,3,22.5,3.6,8.5,.424,0.7,1.9,.368,2.9,6.6,.439,.465,0.8,1.0,.800,1.2,2.2,3.4,4.8,1.7,0.1,1.7,1.6,8.7
Norvel Pelle,2019-20,SF,26,PHI,4,0,14.3,1.5,2.0,.750,0.0,0.0,,1.5,2.0,.750,.750,1.0,1.5,.667,1.0,3.8,4.8,1.0,0.0,2.3,1.5,3.0,4.0
Theo Pinson,2019-20,SG,24,BRK,17,0,14.9,1.9,6.4,.296,0.6,3.1,.212,1.2,3.3,.375,.347,0.8,0.8,.929,0.5,1.9,2.4,2.1,0.5,0.1,1.6,1.4,5.2
Mason Plumlee,2019-20,C,29,DEN,25,0,17.2,2.8,4.8,.580,0.0,0.2,.000,2.8,4.6,.600,.580,1.2,2.3,.509,1.8,3.9,5.7,2.4,0.7,0.8,1.5,2.4,6.7
Vincent Poirier,2019-20,C,26,BOS,9,0,4.9,0.8,1.6,.500,0.0,0.0,,0.8,1.6,.500,.500,0.1,0.2,.500,0.9,0.8,1.7,0.3,0.2,0.2,0.3,1.1,1.7
Jakob Pöltl,2019-20,C,24,SAS,25,7,19.0,2.5,4.2,.594,0.0,0.0,,2.5,4.2,.594,.594,0.9,1.5,.579,2.3,3.8,6.1,1.5,0.6,1.4,0.8,1.7,5.9
Shamorie Ponds,2019-20,PG,21,TOR,3,0,3.0,0.7,1.3,.500,0.0,0.3,.000,0.7,1.0,.667,.500,0.0,0.0,,0.0,0.3,0.3,0.7,0.0,0.3,0.0,0.7,1.3
Jordan Poole,2019-20,SG,20,GSW,26,9,23.2,2.3,9.2,.255,1.2,4.9,.244,1.2,4.3,.268,.320,1.7,2.1,.833,0.2,1.9,2.1,2.0,0.7,0.2,1.2,1.8,7.6
Kevin Porter,2019-20,SF,19,CLE,25,1,21.2,3.0,6.9,.428,0.8,2.6,.318,2.1,4.3,.495,.488,1.1,1.5,.737,0.3,2.7,3.0,2.0,1.0,0.2,1.6,2.4,7.9
Michael Porter,2019-20,PF,21,DEN,16,0,8.9,1.8,4.1,.439,0.4,1.3,.333,1.4,2.8,.489,.492,0.5,0.7,.727,1.0,1.8,2.8,0.4,0.0,0.3,0.8,1.1,4.6
Otto Porter,2019-20,SF,26,CHI,9,9,25.1,3.9,9.3,.417,1.8,4.4,.400,2.1,4.9,.432,.512,1.7,2.2,.750,0.9,2.6,3.4,1.6,1.0,0.3,0.8,2.2,11.2
Bobby Portis,2019-20,C,24,NYK,27,2,21.4,3.6,8.5,.417,1.0,2.7,.351,2.6,5.8,.449,.474,0.9,1.3,.735,1.5,4.2,5.7,1.1,0.6,0.3,1.0,1.7,9.0
Kristaps Porziņģis,2019-20,PF,24,DAL,24,24,30.6,6.0,15.1,.397,2.0,6.0,.326,4.0,9.1,.443,.461,2.8,4.0,.716,1.7,7.2,8.9,1.4,0.5,2.0,1.5,3.0,16.8
Dwight Powell,2019-20,C,28,DAL,22,19,25.6,3.3,4.9,.676,0.3,0.7,.438,3.0,4.2,.717,.708,1.2,2.2,.563,1.6,3.3,4.9,1.3,0.8,0.4,0.9,2.5,8.2
Norman Powell,2019-20,SG,26,TOR,25,14,28.4,5.1,10.5,.485,1.8,4.8,.380,3.2,5.6,.574,.573,2.1,2.6,.815,0.6,3.3,3.8,1.5,1.0,0.4,1.6,2.0,14.1
Julius Randle,2019-20,PF,25,NYK,27,27,32.1,6.3,14.2,.445,1.0,3.8,.265,5.3,10.4,.511,.480,3.7,5.6,.669,2.3,6.4,8.7,3.4,0.7,0.1,3.1,2.8,17.4
Cam Reddish,2019-20,SF,20,ATL,24,17,25.3,2.9,9.0,.324,1.1,4.1,.265,1.8,4.9,.373,.384,1.5,2.1,.725,0.7,3.3,4.0,1.5,0.9,0.4,1.9,1.9,8.5
J.J. Redick,2019-20,SG,35,NOP,26,22,29.0,5.0,11.3,.446,3.3,7.2,.457,1.7,4.1,.425,.592,2.7,3.1,.875,0.2,2.8,3.0,2.1,0.4,0.2,1.2,1.7,16.1
Naz Reid,2019-20,C,20,MIN,2,0,2.0,0.5,1.0,.500,0.5,1.0,.500,0.0,0.0,,.750,0.0,0.0,,0.0,0.5,0.5,0.0,0.0,0.0,0.0,0.5,1.5
Josh Richardson,2019-20,SG,26,PHI,20,20,30.4,5.4,12.4,.435,1.8,4.7,.372,3.7,7.7,.474,.506,2.2,2.8,.768,0.8,2.6,3.4,3.0,1.1,0.6,2.1,2.8,14.7
Austin Rivers,2019-20,SG,27,HOU,24,1,24.6,3.0,7.5,.408,1.3,4.2,.320,1.7,3.3,.519,.497,0.9,1.3,.700,0.7,2.0,2.7,1.7,0.5,0.3,0.6,2.0,8.3
Duncan Robinson,2019-20,SF,25,MIA,26,21,27.5,4.0,8.4,.470,3.1,7.1,.440,0.8,1.3,.629,.655,0.6,0.6,.938,0.1,3.0,3.1,0.8,0.7,0.3,0.6,2.7,11.6
Glenn Robinson,2019-20,SF,26,GSW,28,28,31.9,4.6,10.1,.456,1.2,3.2,.371,3.4,6.9,.495,.514,1.1,1.3,.833,1.5,3.3,4.8,1.6,1.0,0.3,0.9,1.7,11.5
Jerome Robinson,2019-20,SG,22,LAC,23,0,12.7,1.4,4.2,.333,0.5,2.0,.267,0.9,2.2,.392,.396,0.3,0.5,.545,0.1,1.5,1.7,1.1,0.3,0.3,0.7,1.5,3.6
Justin Robinson,2019-20,PG,22,WAS,6,0,3.3,0.5,1.0,.500,0.2,0.2,1.000,0.3,0.8,.400,.583,0.0,0.0,,0.2,0.3,0.5,0.5,0.0,0.0,0.3,0.0,1.2
Mitchell Robinson,2019-20,C,21,NYK,23,6,22.2,3.9,5.7,.685,0.0,0.0,,3.9,5.7,.685,.685,1.8,3.0,.618,3.1,3.7,6.8,0.6,0.7,1.8,0.8,3.3,9.6
Rajon Rondo,2019-20,PG,33,LAL,15,0,21.6,3.1,7.1,.434,1.3,2.9,.455,1.7,4.1,.419,.528,0.7,0.9,.769,0.3,3.3,3.7,5.7,1.1,0.1,1.9,1.1,8.1
Derrick Rose,2019-20,PG,31,DET,21,1,24.0,6.6,13.7,.484,0.9,2.7,.333,5.7,11.0,.522,.517,2.2,2.6,.870,0.5,1.5,2.0,6.0,0.8,0.3,2.5,1.1,16.4
Terrence Ross,2019-20,SG,28,ORL,24,0,24.7,4.6,11.1,.414,2.0,6.1,.336,2.5,5.0,.508,.506,1.9,2.2,.849,0.3,2.5,2.8,1.0,1.0,0.3,1.1,1.7,13.1
Terry Rozier,2019-20,PG,25,CHO,29,29,32.8,5.9,14.2,.414,2.5,6.4,.389,3.4,7.9,.434,.501,2.3,2.8,.850,0.7,3.9,4.7,4.3,1.2,0.1,2.7,2.2,16.6
Ricky Rubio,2019-20,PG,29,PHO,20,20,32.2,4.9,12.3,.398,1.2,3.8,.307,3.8,8.6,.439,.445,2.8,3.4,.836,0.7,3.9,4.5,9.4,1.3,0.2,2.1,2.6,13.8
D'Angelo Russell,2019-20,SG,23,GSW,16,16,31.0,7.6,17.9,.425,2.9,8.4,.343,4.8,9.6,.497,.505,3.4,4.6,.740,0.3,3.1,3.4,6.2,0.9,0.3,3.3,2.3,21.5
Domantas Sabonis,2019-20,C,23,IND,25,25,34.4,7.0,13.8,.510,0.2,1.0,.192,6.8,12.8,.536,.517,3.4,4.4,.782,3.4,10.1,13.5,3.8,0.8,0.5,2.8,3.8,17.7
JaKarr Sampson,2019-20,SF,26,IND,9,7,18.4,2.6,4.6,.561,0.2,1.1,.200,2.3,3.4,.677,.585,0.2,0.8,.286,0.8,1.9,2.7,0.4,0.6,0.7,0.7,2.6,5.6
Dario Šarić,2019-20,PF,25,PHO,25,25,28.5,4.2,9.6,.432,1.6,4.8,.331,2.6,4.8,.533,.515,1.5,1.7,.860,1.8,5.8,7.6,2.2,0.8,0.4,1.3,2.8,11.4
Tomáš Satoranský,2019-20,PG,28,CHI,28,28,27.2,3.3,7.6,.432,1.1,2.9,.370,2.2,4.7,.470,.502,1.5,1.8,.860,0.8,2.4,3.3,5.3,1.4,0.1,2.1,2.0,9.2
Admiral Schofield,2019-20,SF,22,WAS,11,0,8.8,1.1,1.8,.600,0.6,1.3,.500,0.5,0.5,.833,.775,0.5,0.5,.833,0.2,1.0,1.2,0.4,0.1,0.0,0.3,1.0,3.3
Dennis Schröder,2019-20,PG,26,OKC,25,0,29.6,6.6,14.3,.461,1.7,5.0,.339,4.9,9.4,.526,.520,2.1,2.6,.813,0.3,3.4,3.7,3.4,0.7,0.3,2.6,2.3,17.0
Mike Scott,2019-20,PF,31,PHI,28,4,19.2,2.4,5.4,.447,1.3,3.5,.374,1.1,1.8,.588,.570,0.4,0.5,.800,0.8,2.7,3.4,0.6,0.3,0.1,0.4,1.4,6.5
Thabo Sefolosha,2019-20,PF,35,HOU,21,0,10.3,0.8,2.2,.348,0.4,1.3,.286,0.4,0.9,.444,.435,0.0,0.0,.000,0.5,1.7,2.2,0.7,0.4,0.2,0.3,1.0,1.9
Collin Sexton,2019-20,SG,21,CLE,26,26,30.4,6.7,15.3,.438,1.0,3.4,.295,5.7,11.9,.479,.471,3.0,3.7,.821,1.0,2.0,3.0,2.3,1.0,0.0,1.8,2.0,17.4
Landry Shamet,2019-20,SG,22,LAC,11,11,28.6,3.1,7.5,.415,2.2,5.6,.387,0.9,1.8,.500,.561,0.9,0.9,1.000,0.1,1.6,1.7,1.5,0.4,0.1,1.2,3.0,9.3
Iman Shumpert,2019-20,SG,29,BRK,13,0,18.5,1.6,4.9,.328,0.6,2.5,.242,1.0,2.4,.419,.391,0.3,0.5,.571,0.7,1.9,2.6,0.9,0.9,0.2,0.8,1.6,4.2
Pascal Siakam,2019-20,PF,25,TOR,25,25,36.8,9.2,20.3,.454,2.2,6.1,.368,7.0,14.2,.490,.509,4.1,5.0,.810,1.5,6.8,8.3,3.6,1.0,0.9,2.7,2.8,24.7
Chris Silva,2019-20,PF,23,MIA,23,0,9.7,1.3,2.0,.660,0.0,0.1,.000,1.3,2.0,.689,.660,1.1,1.6,.722,1.8,2.0,3.7,0.6,0.2,0.7,1.1,2.5,3.8
Ben Simmons,2019-20,PG,23,PHI,26,26,34.3,5.8,10.2,.571,0.1,0.2,.400,5.8,10.0,.575,.575,2.5,4.3,.595,1.5,5.3,6.8,8.2,2.1,0.7,3.7,3.3,14.3
Anfernee Simons,2019-20,SG,20,POR,26,1,21.8,3.8,8.8,.426,1.5,4.2,.345,2.3,4.6,.500,.509,1.2,1.7,.744,0.3,1.7,1.9,1.5,0.5,0.2,0.9,2.0,10.2
Marcus Smart,2019-20,SG,25,BOS,20,15,31.8,4.1,10.6,.387,2.1,6.3,.333,2.0,4.3,.465,.486,1.5,1.7,.879,1.0,2.4,3.4,4.6,1.3,0.5,1.3,2.3,11.8
Dennis Smith,2019-20,PG,22,NYK,17,1,17.2,2.0,6.3,.318,0.6,1.9,.303,1.4,4.4,.324,.364,0.8,1.6,.519,0.7,1.2,1.9,2.7,0.4,0.3,1.5,2.2,5.4
Ish Smith,2019-20,PG,31,WAS,24,10,25.4,4.0,8.8,.455,0.9,2.5,.361,3.1,6.3,.493,.507,0.5,0.8,.650,0.5,2.3,2.8,4.3,0.8,0.3,1.3,1.6,9.5
Tony Snell,2019-20,SF,28,DET,22,20,25.9,2.9,6.1,.478,2.0,4.4,.464,0.9,1.7,.514,.646,0.4,0.4,1.000,0.2,1.7,1.9,1.3,0.4,0.1,0.5,1.8,8.2
Omari Spellman,2019-20,PF,22,GSW,27,0,18.2,2.6,6.0,.436,0.7,2.0,.352,1.9,4.0,.477,.494,1.4,1.7,.826,2.1,3.2,5.3,1.0,0.6,0.6,1.3,1.0,7.4
Max Strus,2019-20,SG,23,CHI,2,0,3.0,1.0,1.5,.667,0.0,0.5,.000,1.0,1.0,1.000,.667,0.5,0.5,1.000,0.5,0.0,0.5,0.0,0.0,0.0,0.0,0.5,2.5
Edmond Sumner,2019-20,PG,24,IND,5,2,15.0,2.0,4.4,.455,0.2,1.0,.200,1.8,3.4,.529,.477,0.6,1.0,.600,0.2,0.4,0.6,1.8,1.0,0.2,0.4,1.8,4.8
Caleb Swanigan,2019-20,PF,22,SAC,5,0,2.6,0.2,0.4,.500,0.0,0.0,,0.2,0.4,.500,.500,0.2,0.4,.500,0.2,0.8,1.0,0.0,0.2,0.4,0.8,0.6,0.6
Jayson Tatum,2019-20,PF,21,BOS,24,24,34.2,7.4,18.2,.406,2.5,6.9,.364,4.9,11.3,.432,.475,3.4,4.0,.835,1.2,5.8,7.0,2.9,1.4,0.8,2.2,2.3,20.6
Jeff Teague,2019-20,PG,31,MIN,21,12,29.7,4.6,9.8,.466,1.0,2.6,.382,3.6,7.2,.497,.517,4.3,4.9,.874,0.6,2.2,2.8,6.8,0.9,0.3,2.1,2.1,14.4
Garrett Temple,2019-20,SG,33,BRK,26,17,28.1,3.8,9.1,.415,2.2,6.3,.348,1.6,2.8,.569,.536,0.9,1.2,.767,0.5,2.6,3.1,2.4,0.9,0.5,1.2,2.0,10.6
Daniel Theis,2019-20,C,27,BOS,21,20,21.9,3.0,5.6,.534,0.3,1.0,.333,2.7,4.6,.577,.564,1.0,1.5,.688,1.6,4.7,6.3,1.3,0.4,1.5,0.8,3.1,7.4
Isaiah Thomas,2019-20,PG,30,WAS,17,14,24.9,4.8,10.8,.446,2.0,4.9,.410,2.8,5.9,.475,.538,0.9,1.2,.800,0.2,1.6,1.8,5.1,0.5,0.2,2.2,2.2,12.6
Khyri Thomas,2019-20,SG,23,DET,2,0,3.0,0.0,0.0,,0.0,0.0,,0.0,0.0,,,0.5,1.0,.500,0.0,0.0,0.0,0.0,0.0,0.0,0.0,0.0,0.5
Matt Thomas,2019-20,SG,25,TOR,12,0,11.3,1.7,3.1,.541,1.2,2.2,.538,0.5,0.9,.545,.730,0.3,0.4,.600,0.1,1.0,1.1,0.3,0.3,0.0,0.3,1.0,4.8
Tristan Thompson,2019-20,C,28,CLE,25,25,31.0,5.6,11.0,.515,0.1,0.3,.429,5.5,10.7,.517,.520,1.7,3.1,.551,4.1,5.7,9.8,2.3,0.8,1.1,1.7,2.5,13.1
Matisse Thybulle,2019-20,SG,22,PHI,27,3,18.0,1.6,3.7,.436,1.0,2.2,.467,0.6,1.5,.390,.574,0.6,0.8,.682,0.3,0.9,1.2,1.3,1.4,0.7,1.0,2.1,4.9
Anthony Tolliver,2019-20,PF,34,POR,18,7,15.9,1.0,3.4,.295,0.8,2.7,.292,0.2,0.7,.308,.410,0.5,0.6,.818,0.6,2.5,3.1,0.6,0.2,0.3,0.6,1.3,3.3
Karl-Anthony Towns,2019-20,C,24,MIN,23,23,33.9,9.0,17.5,.514,3.6,8.5,.418,5.4,9.0,.604,.615,4.9,6.2,.796,2.7,9.0,11.7,4.4,1.0,1.3,3.1,3.5,26.5
Gary Trent,2019-20,SG,21,POR,13,1,8.3,1.2,3.2,.366,0.8,2.0,.423,0.3,1.2,.267,.500,0.0,0.0,,0.2,1.0,1.2,0.4,0.2,0.2,0.2,0.6,3.2
Allonzo Trier,2019-20,PG,24,NYK,12,1,13.1,2.3,4.6,.509,1.2,2.7,.438,1.2,1.9,.609,.636,2.2,2.8,.788,0.1,1.3,1.4,1.3,0.2,0.3,1.4,1.8,8.0
P.J. Tucker,2019-20,PF,34,HOU,26,26,35.9,3.4,7.0,.486,2.0,4.7,.421,1.5,2.4,.613,.626,0.7,0.9,.792,1.5,5.6,7.1,1.5,1.3,0.5,1.2,3.3,9.5
Evan Turner,2019-20,PG,31,ATL,15,0,13.9,1.5,3.9,.390,0.0,0.3,.000,1.5,3.6,.426,.390,0.8,0.9,.857,0.5,1.7,2.1,2.2,0.5,0.5,1.5,1.1,3.9
Myles Turner,2019-20,C,23,IND,19,19,29.9,4.1,9.7,.424,1.4,4.2,.325,2.7,5.5,.500,.495,1.5,2.1,.700,1.4,4.3,5.7,1.2,0.6,2.4,1.6,2.5,11.1
Jonas Valančiūnas,2019-20,C,27,MEM,24,24,24.8,5.6,10.0,.558,0.5,1.4,.382,5.0,8.6,.587,.585,1.6,2.1,.760,2.6,7.1,9.7,1.8,0.4,0.8,2.3,2.8,13.3
Denzel Valentine,2019-20,SF,26,CHI,14,0,13.3,2.7,6.1,.447,1.6,3.8,.434,1.1,2.3,.469,.582,0.4,0.4,1.000,0.2,2.0,2.2,1.4,0.7,0.3,0.6,1.4,7.4
Jarred Vanderbilt,2019-20,SF,20,DEN,3,0,3.0,0.0,0.0,,0.0,0.0,,0.0,0.0,,,0.0,0.0,,0.0,0.7,0.7,0.3,0.0,0.0,0.3,0.0,0.0
Fred VanVleet,2019-20,PG,25,TOR,22,22,36.6,5.7,14.0,.409,2.6,6.7,.395,3.1,7.3,.422,.503,3.9,4.4,.876,0.2,3.6,3.8,7.0,2.0,0.1,2.4,2.3,18.0
Noah Vonleh,2019-20,C,24,MIN,16,1,11.3,1.3,2.7,.465,0.1,0.6,.100,1.2,2.1,.576,.477,1.0,1.2,.842,1.1,2.3,3.4,1.0,0.3,0.2,0.8,1.3,3.6
Nikola Vučević,2019-20,C,29,ORL,15,15,30.7,6.9,15.1,.456,1.2,3.7,.327,5.7,11.4,.497,.496,2.3,2.7,.854,2.8,8.6,11.4,3.4,0.7,1.0,1.5,1.9,17.3
Dean Wade,2019-20,PF,23,CLE,3,0,6.0,0.3,0.7,.500,0.3,0.3,1.000,0.0,0.3,.000,.750,0.0,0.0,,0.0,0.7,0.7,0.0,0.3,0.0,0.0,1.0,1.0
Moritz Wagner,2019-20,C,22,WAS,21,4,20.4,4.4,7.6,.581,1.0,2.7,.393,3.4,5.0,.683,.650,1.7,2.0,.837,1.6,4.4,6.0,1.3,0.7,0.6,2.0,3.9,11.6
Kemba Walker,2019-20,PG,29,BOS,23,23,32.3,7.6,17.7,.429,3.8,9.3,.407,3.8,8.3,.453,.536,4.2,4.7,.889,0.9,3.3,4.2,5.3,1.0,0.6,2.1,1.7,23.1
Lonnie Walker,2019-20,SG,21,SAS,18,0,9.6,2.0,4.2,.480,0.4,0.9,.412,1.6,3.2,.500,.527,0.7,1.1,.600,0.3,1.1,1.4,0.5,0.3,0.2,0.4,0.9,5.1
Tyrone Wallace,2019-20,SG,25,ATL,14,0,11.4,1.0,3.1,.318,0.1,1.1,.067,0.9,2.1,.448,.330,0.8,1.2,.647,0.2,1.4,1.6,0.9,0.5,0.1,0.7,1.4,2.9
Taurean Waller-Prince,2019-20,SF,25,BRK,26,26,30.4,4.7,11.9,.394,2.6,6.7,.393,2.1,5.3,.394,.503,0.9,1.3,.727,0.8,5.4,6.3,2.3,0.9,0.4,2.2,2.8,12.9
Derrick Walton,2019-20,PG,24,LAC,12,0,10.7,0.8,1.5,.500,0.4,1.0,.417,0.3,0.5,.667,.639,0.5,0.6,.857,0.2,0.4,0.6,1.0,0.3,0.0,0.2,0.9,2.4
Brad Wanamaker,2019-20,PG,30,BOS,24,0,17.9,2.4,5.0,.471,0.5,1.3,.400,1.9,3.8,.495,.521,2.0,2.3,.873,0.5,1.6,2.0,2.8,0.7,0.3,1.2,1.7,7.3
T.J. Warren,2019-20,SF,26,IND,27,27,32.6,7.1,14.2,.501,1.2,3.2,.379,5.9,11.0,.537,.544,2.3,2.9,.818,0.7,2.7,3.4,1.1,1.1,0.3,1.4,2.7,17.8
PJ Washington,2019-20,PF,21,CHO,28,28,29.4,4.5,9.4,.481,1.4,3.4,.406,3.1,6.0,.524,.555,1.8,2.5,.704,0.9,4.3,5.3,1.8,1.0,0.9,1.4,2.8,12.3
Yuta Watanabe,2019-20,SG,25,MEM,4,0,4.5,0.8,1.5,.500,0.3,0.5,.500,0.5,1.0,.500,.583,0.0,0.0,,0.3,1.0,1.3,0.0,0.0,0.3,0.3,0.3,1.8
Tremont Waters,2019-20,PG,22,BOS,1,0,20.0,2.0,7.0,.286,1.0,5.0,.200,1.0,2.0,.500,.357,2.0,2.0,1.000,0.0,2.0,2.0,3.0,1.0,2.0,2.0,2.0,7.0
Russell Westbrook,2019-20,PG,31,HOU,23,23,34.5,8.4,19.7,.425,1.2,5.0,.233,7.2,14.7,.491,.455,4.5,6.0,.759,1.6,6.4,8.0,7.3,1.7,0.3,4.3,3.9,22.5
Coby White,2019-20,SG,19,CHI,28,0,24.7,4.1,11.6,.356,1.9,5.7,.327,2.3,6.0,.383,.436,1.4,1.7,.792,0.3,3.3,3.6,2.4,0.8,0.0,1.5,1.4,11.5
Derrick White,2019-20,SG,25,SAS,23,10,24.1,3.4,7.4,.465,0.9,2.3,.385,2.6,5.1,.500,.524,1.9,2.4,.800,0.5,1.8,2.3,2.9,0.5,0.7,1.2,2.4,9.7
Hassan Whiteside,2019-20,C,30,POR,23,23,28.4,6.7,10.8,.618,0.0,0.0,1.000,6.7,10.8,.617,.620,2.7,3.6,.768,3.7,8.8,12.4,1.4,0.4,2.4,1.9,3.0,16.2
Andrew Wiggins,2019-20,SF,24,MIN,21,21,35.0,9.4,20.3,.461,2.2,6.6,.333,7.2,13.8,.522,.515,4.0,5.4,.746,1.2,3.9,5.1,3.3,0.7,1.1,2.0,2.4,25.0
Grant Williams,2019-20,PF,21,BOS,22,1,14.0,0.7,2.7,.250,0.0,1.2,.038,0.6,1.5,.412,.258,0.6,0.8,.824,0.7,1.5,2.2,0.8,0.4,0.5,0.8,2.0,2.0
Kenrich Williams,2019-20,PF,25,NOP,25,15,25.2,1.8,4.8,.387,0.9,3.2,.288,0.9,1.6,.590,.483,0.4,1.0,.375,1.6,4.3,5.8,1.9,0.8,0.8,0.8,2.6,5.0
Lou Williams,2019-20,SG,33,LAC,26,3,31.0,6.5,15.9,.412,1.7,5.0,.349,4.8,10.9,.440,.466,5.1,6.1,.842,0.5,2.8,3.2,6.2,0.5,0.2,3.1,1.6,19.9
Marvin Williams,2019-20,PF,33,CHO,24,0,20.3,2.6,5.3,.496,1.3,3.1,.400,1.4,2.2,.635,.614,1.1,1.3,.900,0.4,2.4,2.8,1.0,0.7,0.4,0.7,1.7,7.6
Robert Williams,2019-20,C,22,BOS,19,1,14.2,1.7,2.6,.673,0.0,0.0,,1.7,2.6,.673,.673,0.4,0.7,.571,1.2,3.4,4.6,1.1,0.9,1.1,0.8,1.8,3.9
Nigel Williams-Goss,2019-20,PG,25,UTA,7,0,3.1,0.0,0.7,.000,0.0,0.1,.000,0.0,0.6,.000,.000,0.3,0.3,1.000,0.1,0.1,0.3,0.3,0.0,0.1,0.1,0.1,0.3
D.J. Wilson,2019-20,PF,23,MIL,14,0,11.8,2.0,4.0,.500,0.8,2.5,.314,1.2,1.5,.810,.598,0.1,0.1,1.000,0.4,1.9,2.2,0.8,0.0,0.1,0.5,1.0,4.9
Justise Winslow,2019-20,SF,23,MIA,10,5,33.7,5.0,12.7,.394,0.6,2.6,.231,4.4,10.1,.436,.417,1.8,2.7,.667,1.6,5.5,7.1,4.3,0.6,0.4,2.3,3.6,12.4
Christian Wood,2019-20,PF,24,DET,24,0,15.3,3.4,5.4,.628,0.6,1.4,.441,2.8,4.0,.695,.686,1.7,2.6,.661,1.3,3.7,5.0,0.5,0.3,0.8,1.0,0.9,9.1
Delon Wright,2019-20,SG,27,DAL,23,2,20.6,2.7,5.7,.477,0.6,1.6,.351,2.1,4.0,.527,.527,1.2,1.5,.824,0.8,2.6,3.3,3.3,1.1,0.3,0.7,1.2,7.2
Thaddeus Young,2019-20,PF,31,CHI,27,0,21.7,3.8,9.0,.418,1.1,3.3,.337,2.7,5.7,.465,.480,0.7,1.2,.563,1.5,2.9,4.4,1.8,1.0,0.3,1.6,1.7,9.3
Trae Young,2019-20,PG,21,ATL,26,26,34.9,9.1,20.6,.443,3.3,9.0,.368,5.8,11.6,.502,.523,6.2,7.3,.857,0.5,3.7,4.2,8.5,1.2,0.1,4.9,1.5,27.8
Cody Zeller,2019-20,C,27,CHO,26,18,23.6,4.6,8.5,.541,0.6,1.8,.326,4.0,6.7,.598,.575,1.9,2.7,.690,3.0,5.0,7.9,1.2,0.5,0.5,1.5,2.5,11.6
Ante Žižić,2019-20,C,23,CLE,9,0,10.1,1.8,3.2,.552,0.0,0.0,,1.8,3.2,.552,.552,0.6,0.7,.833,0.8,1.8,2.6,0.0,0.2,0.2,0.1,1.1,4.1
Ivica Zubac,2019-20,C,22,LAC,28,26,16.6,3.1,5.4,.580,0.0,0.1,.000,3.1,5.3,.588,.580,1.9,2.4,.791,2.3,4.3,6.6,0.9,0.2,1.1,0.9,2.4,8.1
